T	24/70	160/350
1.0	3.6176251606065167e-116	8.100585907380963e-20
2.0	5.969439832720388e-58	1.888865197365595e-09
3.0	1.496436743247267e-38	5.330247465451019e-06
4.0	7.447635922015349e-29	0.0002854722905460928
5.0	4.8878619938689485e-23	0.0031404702025592574
6.0	3.692569177137599e-19	0.015630554149809364
7.0	2.1804591944372495e-16	0.049338041447278574
8.0	2.6219570147544198e-14	0.11695830488138677
9.0	1.0925537023925088e-12	0.22878860517561006
10.0	2.16969723064091e-11	0.3908892815267452
11.0	2.5146053171475214e-10	0.6048871806781592
12.0	1.946423605861954e-09	0.8687389032497478
13.0	1.1046214742604163e-08	1.177832636131162
14.0	4.912531789965371e-08	1.52605339063925
15.0	1.7975970622377238e-07	1.9066452268054186
16.0	5.61366531831481e-07	2.3128315977025973
17.0	1.5385000589832212e-06	2.7382173991300585
18.0	3.781591453876694e-06	3.17701880256381
19.0	8.480450785214033e-06	3.6241687846193504
20.0	1.7590640827411277e-05	4.075339315495248
21.0	3.4125530001302756e-05	4.526911781651503
22.0	6.248166392442832e-05	4.975918344132485
23.0	0.00010878178878769663	5.4199696621025595
24.0	0.00018121861005802002	5.8571789171139645
25.0	0.00029038296338478893	6.286088148180109
26.0	0.00044956206494198845	6.7056002251984985
27.0	0.0006749963750427914	7.114918028791966
28.0	0.000986086866633106	7.513491300193842
29.0	0.00140554774938592	7.900970968698398
30.0	0.00195950268577147	8.277170405171027
31.0	0.002677525081977594	8.64203288153726
32.0	0.003592625068278641	8.995604465088618
33.0	0.004741187291532676	9.338011594230315
34.0	0.006162864662558116	9.669442637369979
35.0	0.007900433794732842	9.990132809073767
36.0	0.009999618110556668	10.300351895253419
37.0	0.0125088845552555	10.600394314951519
38.0	0.015479219611423926	10.890571116490785
39.0	0.01896388991874401	11.171203568611318
40.0	0.023018192320804785	11.442618062236397
41.0	0.027699197629782447	11.705142085886417
42.0	0.03306549185254732	11.959101078081881
43.0	0.03917691808348827	12.204815994089042
44.0	0.046094321757566406	12.442601452860517
45.0	0.05387930148341485	12.67276435378013
46.0	0.06259396724746763	12.895602872546029
47.0	0.0723007073992059	13.111405761853572
48.0	0.08306196549495216	13.320451896021394
49.0	0.09494002779155829	13.523010009816446
50.0	0.10799682193881194	13.719338590878195
51.0	0.12229372721662465	13.909685892659372
52.0	0.1378913964958204	14.094290040972977
53.0	0.15484958996527004	14.27337921230009
54.0	0.17322702055894992	14.447171866165169
55.0	0.19308121093021458	14.61587701728761
56.0	0.2144683617534798	14.779694536003667
57.0	0.23744323108228582	14.938815467731342
58.0	0.2620590244544545	15.093422364113707
59.0	0.28836729540723727	15.243689619996783
60.0	0.3164178560458578	15.389783811639035
61.0	0.3462586972958736	15.531864032559875
62.0	0.37793591846187075	15.670082224256426
63.0	0.41149366571096485	15.804583499684407
64.0	0.4469740790984514	15.935506457939256
65.0	0.48441724775402323	16.062983489008797
66.0	0.5238611728496257	16.18714106781956
67.0	0.5653417379738783	16.308100037079207
68.0	0.6088926865427248	16.425975878640845
69.0	0.6545456058812991	16.5408789732917
70.0	0.7023299176178861	16.652914849007093
71.0	0.752272874037054	16.762184417817995
72.0	0.8043995600456086	16.868784201522512
73.0	0.8587329004118742	16.972806546533338
74.0	0.9152936719458845	17.074339828197875
75.0	0.9741005202954903	17.173468644959556
76.0	1.0351699810409845	17.270274002749467
77.0	1.098516504778778	17.36483349000951
78.0	1.1641524858928112	17.45722144375392
79.0	1.2320882947208072	17.547509107075633
80.0	1.3023323128311692	17.635764778500036
81.0	1.374890971135216	17.722053953580907
82.0	1.4497687905686163	17.806439459123904
83.0	1.5269684250852336	17.888981580410846
84.0	1.6064907067161003	17.9697381817854
85.0	1.6883346924559601	18.048764820946907
86.0	1.7724977127495878	18.126114857284826
87.0	1.858975421360037	18.2018395545714
88.0	1.9477618464108688	18.275988178316112
89.0	2.038849442404454	18.348608088070307
90.0	2.132229143028368	18.4197448249566
91.0	2.2278904145718266	18.489442194683512
92.0	2.325821309784006	18.55774234629224
93.0	2.4260085220157492	18.62468584686966
94.0	2.528437439495846	18.690311752448636
95.0	2.633092199602481	18.75465767530516
96.0	2.73995574299967	18.817759847850034
97.0	2.8490098675175926	18.879653183301812
98.0	2.9602352816645037	18.940371333317515
99.0	3.07361165766645	18.999946742747312
100.0	3.189117683939357	19.05841070167051
101.0	3.306731116905979	19.115793394860543
102.0	3.426428832078021	19.17212394881903
103.0	3.5481868743310527	19.227430476510264
104.0	3.671980507307034	19.281740119920478
105.0	3.797784261886033	19.33507909055894
106.0	3.925571983675203	19.387472708011114
107.0	4.055316879469274	19.438945436648144
108.0	4.186991562642666	19.489520920590518
109.0	4.320568097438885	19.53922201701863
110.0	4.4560180421281235	19.58807082791733
111.0	4.59331249100887	19.636088730336784
112.0	4.732422115234066	19.683296405247223
113.0	4.873317202446606	19.729713865060706
114.0	5.015967695213113	19.775360479889112
115.0	5.1603432282487045	19.82025500260339
116.0	5.306413164428921	19.864415592755524
117.0	5.4541466295884184	19.907859839421533
118.0	5.603512546108833	19.950604783020015
119.0	5.754479665301236	19.992666936158194
120.0	5.907016598590949	20.034062303554357
121.0	6.061091847514967	20.074806401082824
122.0	6.216673832544338	20.11491427398513
123.0	6.37373092074567	20.154400514288817
124.0	6.532231452297883	20.193279277472634
125.0	6.6921437658816405	20.231564298415254
126.0	6.853436222960546	20.26926890666235
127.0	7.016077230974126	20.30640604104501
128.0	7.180035265464069	20.34298826368083
129.0	7.34527889115575	20.379027773387264
130.0	7.511776782018165	20.414536418535242
131.0	7.679497740325956	20.44952570936956
132.0	7.848410714747786	20.48400682982132
133.0	8.018484817485824	20.517990648836083
134.0	8.18968934049143	20.551487731240456
135.0	8.361993770782398	20.584508348168466
136.0	8.535367804887295	20.617062487068083
137.0	8.709781362442586	20.649159861307066
138.0	8.885204598968205	20.68080991939663
139.0	9.061607917847175	20.712021853849926
140.0	9.238961981534912	20.74280460969229
141.0	9.41723772202351	20.773166892638415
142.0	9.596406350586232	20.803117176951776
143.0	9.776439366827201	20.832663713000002
144.0	9.95730856706079	20.861814534520004
145.0	10.138986052045183	20.890577465605286
146.0	10.32144423409394	20.918960127427844
147.0	10.504655843589166	20.946969944706044
148.0	10.688593934919483	20.974614151929458
149.0	10.873231891865386	21.001899799351193
150.0	11.058543432454343	21.02883375875762
151.0	11.244502613307306	21.055422729024897
152.0	11.43108383349801	21.081673241471453
153.0	11.618261837945779	21.10759166501492
154.0	11.806011720362076	21.133184211141653
155.0	11.99430892577065	21.158456938696858
156.0	12.183129252620397	21.18341575850249
157.0	12.37244885450972	21.20806643781017
158.0	12.56224424154052	21.232414604595938
159.0	12.752492281319507	21.256465751703082
160.0	12.943170199623863	21.28022524083947
161.0	13.134255580748073	21.303698306435
162.0	13.325726367547666	21.326890059364988
163.0	13.51756086119581	21.349805490544732
164.0	13.709737720667528	21.372449474400444
165.0	13.902235961966223	21.394826772221307
166.0	14.095034957106588	21.416942035397533
167.0	14.28811443286735	21.4387998085487
168.0	14.481454469327089	21.460404532546697
169.0	14.675035498195635	21.481760547437478
170.0	14.868838300953247	21.502872095265257
171.0	15.062844006809222	21.52374332280321
172.0	15.257034090491352	21.54437828419396
173.0	15.451390369876785	21.564780943503486
174.0	15.645895003474953	21.584955177191524
175.0	15.840530487772389	21.604904776501883
176.0	16.035279654449074	21.624633449775295
177.0	16.23012566747554	21.644144824688066
178.0	16.425052020099496	21.66344245041895
179.0	16.620042531730373	21.682529799747133
180.0	16.815081344730025	21.701410271083716
181.0	17.010152921117157	21.720087190439145
182.0	17.20524203919294	21.738563813328984
183.0	17.400333790094894	21.756843326620114
184.0	17.595413574285782	21.77492885031973
185.0	17.79046709798389	21.792823439308904
186.0	17.98548036954091	21.81053008502295
187.0	18.18043969577327	21.828051717080232
188.0	18.375331678252447	21.845391204861514
189.0	18.57014320955954	21.862551359041284
190.0	18.7648614695093	21.879534933072996
191.0	18.959473921348156	21.89634462462967
192.0	19.15396830793112	21.912983077001424
193.0	19.348332647881534	21.929452880451496
194.0	19.542555231738078	21.945756573532098
195.0	19.73662461809264	21.961896644361495
196.0	19.930529629722983	21.977875531863656
197.0	20.124259349723474	21.993695626971725
198.0	20.317803117637247	22.009359273796516
199.0	20.51115052559294	22.024868770761206
200.0	20.704291414448786	22.040226371703405
201.0	20.897215869947	22.055434286945626
202.0	21.089914218880867	22.070494684335195
203.0	21.282377025277082	22.085409690254714
204.0	21.474595086595556	22.10018139060384
205.0	21.666559429948958	22.11481183175359
206.0	21.858261308343664	22.1293030214738
207.0	22.04969219694452	22.143656929834744
208.0	22.24084378936456	22.157875490083775
209.0	22.43170799398181	22.17196059949769
210.0	22.62227693028429	22.18591412021162
211.0	22.812542925245033	22.199737880025282
212.0	23.002498509727843	22.21343367318718
213.0	23.19213641492571	22.227003261157563
214.0	23.381449568832192	22.240448373350677
215.0	23.570431092747537	22.2537707078571
216.0	23.759074297819737	22.26697193214673
217.0	23.947372681622067	22.280053683752907
218.0	24.135319924767224	22.2930175709385
219.0	24.322909887559206	22.30586517334421
220.0	24.510136606683314	22.318598042619936
221.0	24.696994291934864	22.331217703039506
222.0	24.883477322987208	22.34372565209929
223.0	25.069580246199283	22.35612336110137
224.0	25.255297771463262	22.368412275721482
225.0	25.440624769092313	22.38059381656238
226.0	25.62555626674925	22.392669379692908
227.0	25.810087446415658	22.40464033717338
228.0	25.99421364140202	22.416508037567496
229.0	26.17793033339908	22.42827380644125
230.0	26.361233149570005	22.439938946849292
231.0	26.544117859683986	22.45150473980903
232.0	26.72658037329091	22.46297244476281
233.0	26.9086167369371	22.474343300028586
234.0	27.090223131422167	22.485618523239392
235.0	27.27139586909684	22.496799311771905
236.0	27.452131391201583	22.507886843164435
237.0	27.632426265245957	22.518882275524664
238.0	27.812277182428407	22.529786747927414
239.0	27.99168095509639	22.54060138080268
240.0	28.170634514246522	22.55132727631428
241.0	28.34913490706473	22.5619655187293
242.0	28.5271792945057	22.572517174778717
243.0	28.70476494891182	22.58298329400928
244.0	28.88188925167097	22.593364909127043
245.0	29.058549690913072	22.603663036332694
246.0	29.234743859244958	22.613878675648913
247.0	29.410469451523184	22.624012811240046
248.0	29.585724262664513	22.634066411724177
249.0	29.760506185493714	22.644040430477993
250.0	29.934813208628224	22.653935805934385
251.0	30.10864341439935	22.663753461873263
252.0	30.281994976809624	22.673494307705532
253.0	30.454866159525743	22.683159238750566
254.0	30.627255313907117	22.692749136507253
255.0	30.799160877069095	22.70226486891886
256.0	30.970581369980668	22.71170729063185
257.0	31.1415153955965	22.721077243248786
258.0	31.31196163702237	22.730375555575495
259.0	31.4819188557139	22.739603043862704
260.0	31.6513858897081	22.748760512042185
261.0	31.820361651887318	22.75784875195762
262.0	31.988845128275038	22.766868543590306
263.0	32.156835376363134	22.77582065527987
264.0	32.32433152347034	22.78470584394001
265.0	32.49133276513115	22.793524855269585
266.0	32.65783836351501	22.80227842395893
267.0	32.82384764587523	22.810967273891723
268.0	32.989360003027194	22.81959211834247
269.0	33.1543748878554	22.828153660169562
270.0	33.31889181384904	22.836652592004256
271.0	33.48291035366553	22.845089596435542
272.0	33.64643013772153	22.853465346190987
273.0	33.80945085281137	22.861780504313774
274.0	33.971972240751874	22.87003572433582
275.0	34.13399409705377	22.878231650447347
276.0	34.29551626961881	22.886368917662754
277.0	34.45653865746244	22.89444815198303
278.0	34.61706120946154	22.902469970554662
279.0	34.77708392312674	22.910434981825325
280.0	34.936606843399005	22.918343785696184
281.0	35.09563006147015	22.926196973671065
282.0	35.25415371362668	22.933995129002565
283.0	35.412177980116695	22.941738826835014
284.0	35.56970308403952	22.94942863434465
285.0	35.72672929025753	22.95706511087671
286.0	35.883256904329976	22.964648808079872
287.0	36.039286271468114	22.972180270037835
288.0	36.19481777551176	22.979660033398293
289.0	36.349851837926295	22.987088627499208
290.0	36.50438891682038	22.99446657449258
291.0	36.65842950598349	23.001794389465726
292.0	36.811974133943245	23.00907258056005
293.0	36.965023363042064	23.01630164908751
294.0	37.11757778853276	23.023482089644677
295.0	37.2696380376929	23.03061439022461
296.0	37.421204768957345	23.03769903232641
297.0	37.57227867106884	23.04473649106267
298.0	37.72286046224627	23.051727235264824
299.0	37.87295088937021	23.058671727586304
