1.0 0.2234913461177064
2.0 0.22389780455076438
3.0 0.22444746213126812
4.0 0.2256577339918102
5.0 0.2260404872666706
6.0 0.22626940020963898
7.0 0.2272082256183015
8.0 0.2276088130416616
9.0 0.22969998223720456
10.0 0.23112661925144243
11.0 0.233551912346135
12.0 0.23511699122925564
13.0 0.23795833588313026
14.0 0.23787559492926483
15.0 0.24036615762644423
16.0 0.2419949996917837
17.0 0.24282464249970145
18.0 0.24542914449385503
19.0 0.24775501851072942
20.0 0.25053695851890384
21.0 0.2526117227874517
22.0 0.25406559276108026
23.0 0.2536983549039423
24.0 0.2519206861625317
25.0 0.25183686911623926
26.0 0.2505257740782453
27.0 0.2512205258092139
28.0 0.2555886952587255
29.0 0.2579621231977202
30.0 0.2627690211889818
31.0 0.26300745700429456
32.0 0.2650660665397926
33.0 0.2670774374701046
34.0 0.27276761183324255
35.0 0.27981675604114115
36.0 0.28631481424799965
37.0 0.2853424141996047
38.0 0.2843129401173853
39.0 0.2801608894882529
40.0 0.2803747281714099
41.0 0.2835858073096143
42.0 0.2925822766023299
43.0 0.3038678778225202
44.0 0.3176715403372075
45.0 0.3270602272333653
46.0 0.3352876183455696
47.0 0.3337177784618803
48.0 0.32960388701438287
49.0 0.31550340054686377
50.0 0.31276605568812466
51.0 0.3028216717009271
52.0 0.2989154602286878
53.0 0.30346243661239425
54.0 0.3093109656786114
55.0 0.31481465478398885
56.0 0.316692278767613
57.0 0.31642349153692656
58.0 0.3123781810586989
59.0 0.30749374338695745
60.0 0.29953482359025274
61.0 0.29027357992337616
62.0 0.2823092878761003
63.0 0.2800285187898259
64.0 0.28485411880794503
65.0 0.2938538232479651
66.0 0.30545547792059313
67.0 0.3149230488619486
68.0 0.3267084450950283
69.0 0.33369214995954427
70.0 0.3343780620852122
71.0 0.33079650945990713
72.0 0.3236365911752404
73.0 0.31499054286405503
74.0 0.3067074491387546
75.0 0.29689536242730596
76.0 0.29010192107572397
77.0 0.2813835406790046
78.0 0.27670607162050054
79.0 0.2710334836177189
80.0 0.26539108186227883
81.0 0.2583973064138593
82.0 0.2500408222565366
83.0 0.23989183773621375
84.0 0.23269805915067107
85.0 0.2257970474243252
86.0 0.22211665614065199
87.0 0.21863741623172514
88.0 0.2153248488864453
89.0 0.21394624506039134
90.0 0.21373345141630254
91.0 0.21419873624106525
92.0 0.21536710362600253
93.0 0.21787770071192497
94.0 0.22111234893305068
95.0 0.22531120540112637
96.0 0.23058154796772407
97.0 0.23823175481680575
98.0 0.2439209261859732
99.0 0.25075207621476425
100.0 0.2511153645972806
101.0 0.25195341006130195
102.0 0.2511949187098515
103.0 0.2535580324484825
104.0 0.259091703899551
105.0 0.2661321988471031
106.0 0.27356718667901386
107.0 0.28087999794437307
108.0 0.28724852083125924
109.0 0.29605850111624193
110.0 0.30322813547654986
111.0 0.3087254060666017
112.0 0.31667083202457247
113.0 0.32335193619552743
114.0 0.3305425635702436
115.0 0.3384712982583718
116.0 0.3422504959307443
117.0 0.34442089112322066
118.0 0.34282650237015544
119.0 0.33967380391137364
120.0 0.3303854587493888
121.0 0.32600997738416587
122.0 0.32024287710182
123.0 0.31921227656538237
124.0 0.3180358933064939
125.0 0.31936605834572446
126.0 0.3191210308440057
127.0 0.3168329205686407
128.0 0.3148079534470924
129.0 0.31337906438992974
130.0 0.31292639604779765
131.0 0.31418997829145023
132.0 0.3146402641135532
133.0 0.31050242873502903
134.0 0.3077976492319179
135.0 0.30202238627962835
136.0 0.29912542287716154
137.0 0.2989531198788998
138.0 0.296033335915041
139.0 0.29531702033538615
140.0 0.2913566115603597
141.0 0.28493918520230055
142.0 0.2783776133946433
143.0 0.272797566505893
144.0 0.26793948944248364
145.0 0.2624547659810084
146.0 0.25816289870816883
147.0 0.25104723342105645
148.0 0.24509718995171315
149.0 0.23944178356596119
150.0 0.23592155154446146
151.0 0.23057244461176674
152.0 0.22773911737625283
153.0 0.22422142024756267
154.0 0.22170085576140752
155.0 0.22150215567457146
156.0 0.22074724797391929
157.0 0.22067476092776658
158.0 0.22401775953234976
159.0 0.2277224332934725
160.0 0.23369000579748953
161.0 0.24597604091281403
162.0 0.26218315273044596
163.0 0.2847832494071602
164.0 0.3059532855206362
165.0 0.3234688854215295
166.0 0.3356005811784904
167.0 0.34468414967970523
168.0 0.34319761246551234
169.0 0.3296307534344491
170.0 0.312706599749125
171.0 0.2935642111824674
172.0 0.2748474315946197
173.0 0.2601270805513313
174.0 0.24854327791213812
175.0 0.23728883851495372
176.0 0.2317522228377695
177.0 0.22440524754086866
178.0 0.2183473365369648
179.0 0.21338346055868085
180.0 0.21313614931687314
181.0 0.21209929870761632
182.0 0.2150847828372841
183.0 0.21708832203462078
184.0 0.21873841067983268
185.0 0.21934186593447347
186.0 0.2209014214303708
187.0 0.22223373829569124
188.0 0.2243541012147137
189.0 0.22738783898837772
190.0 0.2292534341907461
191.0 0.2329955591123106
192.0 0.23777767955231763
193.0 0.24165303916511968
194.0 0.24754632524453873
195.0 0.25266822589696725
196.0 0.25699981345173845
197.0 0.2630231127094611
198.0 0.26293246029801176
199.0 0.26476535709732146
200.0 0.26281262045682896
201.0 0.2558429058741397
202.0 0.24502483510319514
203.0 0.23553423509104698
204.0 0.23224718349692108
205.0 0.22982172694612243
206.0 0.23276783586383215
207.0 0.23466882208620835
208.0 0.2361884169667928
209.0 0.23685705502369414
210.0 0.23421813208938194
211.0 0.2338367727029238
212.0 0.23121111114642146
213.0 0.2308805390770312
214.0 0.2326869154526236
215.0 0.2347503759263356
216.0 0.23441883956237602
217.0 0.2351723318592578
218.0 0.23326971332792454
219.0 0.23057244853994804
220.0 0.22772902853651658
221.0 0.22480157423529223
222.0 0.22216434109332542
223.0 0.21826884836337943
224.0 0.2130647202031335
225.0 0.20822495822258938
226.0 0.20233699553545256
227.0 0.1991349840076851
228.0 0.19683614196468951
229.0 0.1959637331009317
230.0 0.19392482694040622
231.0 0.19305040165155846
232.0 0.18899019682919224
233.0 0.18632299403331304
234.0 0.18278214537990015
235.0 0.18008530599502443
236.0 0.18060893953405507
237.0 0.18097202834424628
238.0 0.18427921852932033
239.0 0.18644917671803504
240.0 0.18706956932988833
241.0 0.18645077911512103
242.0 0.18450240983766575
243.0 0.18530048680034986
244.0 0.18613658675469757
245.0 0.18823082680238445
246.0 0.18984950559912508
247.0 0.192839414704822
248.0 0.19272457456289047
249.0 0.1929323257208607
250.0 0.19111969124180042
251.0 0.18678003647363658
252.0 0.18180946183828603
253.0 0.17774083223540701
254.0 0.17494083245544076
255.0 0.17343884620799746
256.0 0.17253292031081752
257.0 0.17167302331540732
258.0 0.1698859167451148
259.0 0.16921584079648117
260.0 0.16775355468600783
261.0 0.16484893639577708
262.0 0.16398023310225676
263.0 0.16188569090173105
264.0 0.15956535377640493
265.0 0.15827168769349806
266.0 0.15652653069519987
267.0 0.15617994436670823
268.0 0.15616691548408995
269.0 0.15531678554446282
270.0 0.15570868948259667
271.0 0.1567831380834496
272.0 0.16055182606695786
273.0 0.16176450301167986
274.0 0.1619020136262473
275.0 0.16190938577213507
276.0 0.16087901804167437
277.0 0.1603118798090821
278.0 0.15897219643705457
279.0 0.1564129479815846
280.0 0.15549135888605678
281.0 0.15134186947159195
282.0 0.14912251964303222
283.0 0.14716807050238317
284.0 0.14599722741148907
285.0 0.14373574905023734
286.0 0.1414839264022609
287.0 0.1395745228884859
288.0 0.13894088234042684
289.0 0.13962294586728136
290.0 0.1376322265410393
291.0 0.1354196975662689
292.0 0.1352061716409923
293.0 0.13240215442456835
294.0 0.13177087248872696
295.0 0.12936787790604384
296.0 0.12799711068751501
297.0 0.12749267649762996
298.0 0.12743572768372377
299.0 0.12840600250797649
300.0 0.12957739380533068
301.0 0.13029195345476174
302.0 0.13382616890484944
303.0 0.1349630979878858
304.0 0.13746355766836318
305.0 0.13816858836510762
306.0 0.14031291592527043
307.0 0.14055809232596186
308.0 0.1437309702524802
309.0 0.14648918990133267
310.0 0.1510128795072496
311.0 0.15662298254825724
312.0 0.1621857575338792
313.0 0.16600017140092174
314.0 0.17025858980542014
315.0 0.1743398735327401
316.0 0.18043162717044248
317.0 0.18525233739027064
318.0 0.18719648226997315
319.0 0.18721508033837744
320.0 0.18588001450219055
321.0 0.18432987424591724
322.0 0.18034870073189452
323.0 0.17656602576697833
324.0 0.17232411260324193
325.0 0.16947212300924755
326.0 0.16665577321953062
327.0 0.16267940624468022
328.0 0.15924307966158552
329.0 0.1551692277019332
330.0 0.15208277342686966
331.0 0.14968184718302208
332.0 0.14806425668079043
333.0 0.14403477689071287
334.0 0.14195567599028788
335.0 0.14020878618413943
336.0 0.13777611571755863
337.0 0.13387146495433633
338.0 0.13204988007528898
339.0 0.12992784767578144
340.0 0.12842194958980166
341.0 0.12590192684749338
342.0 0.12303595647387393
343.0 0.1203728345045824
344.0 0.11788911156421704
345.0 0.11787940623127643
346.0 0.11729779526084462
347.0 0.11831894971296397
348.0 0.12028860518893655
349.0 0.12070852484292503
350.0 0.12208516289836283
351.0 0.12409510466871809
352.0 0.12731242871438345
353.0 0.13282444424665665
354.0 0.13667300486361747
355.0 0.13805519576663897
356.0 0.1382166190200749
357.0 0.1369627510966339
358.0 0.13754944268477012
359.0 0.1375202825483059
360.0 0.13764542024511148
361.0 0.13659199147833062
362.0 0.13494672122291893
363.0 0.1345878260698703
364.0 0.1361768863909538
365.0 0.1385737848323495
366.0 0.13990259092953275
367.0 0.14080201523297184
368.0 0.1406203221124443
369.0 0.14229332937531697
370.0 0.14422967429527006
371.0 0.1459669897948477
372.0 0.14563194514115207
373.0 0.14285711416852914
374.0 0.14042573324957625
375.0 0.1381944371343353
376.0 0.13763803185516962
377.0 0.13859900222061233
