1.0 338.565673828125
2.0 341.8461696079799
3.0 343.8784920828683
4.0 345.60535103934154
5.0 347.004891531808
6.0 347.84104701450894
7.0 348.6689758300781
8.0 349.29469517299106
9.0 350.1512756347656
10.0 351.16153826032365
11.0 352.94744873046875
12.0 354.4608415876116
13.0 356.3869410923549
14.0 359.5402265276228
15.0 362.0670645577567
16.0 364.7566920689174
17.0 368.1866978236607
18.0 370.32423182896207
19.0 372.3915710449219
20.0 374.8775329589844
21.0 376.2606462751116
22.0 377.05518886021207
23.0 377.4309823172433
24.0 377.24325125558033
25.0 376.5497828892299
26.0 374.09676252092635
27.0 371.80528041294644
28.0 369.09119088309154
29.0 364.01377650669644
30.0 360.31243896484375
31.0 356.63306971958707
32.0 352.12735421316967
33.0 348.1293160574777
34.0 345.1812264578683
35.0 340.93951416015625
36.0 337.64135306222096
37.0 334.7467564174107
38.0 331.4593244280134
39.0 328.22267368861606
40.0 325.73267909458707
41.0 323.15853445870533
42.0 320.4756077357701
43.0 318.34216744559154
44.0 315.9031241280692
45.0 313.3907470703125
46.0 311.48577880859375
47.0 309.02698189871654
48.0 306.4252014160156
49.0 304.1148899623326
50.0 301.39954049246654
51.0 298.6156093052455
52.0 296.55396815708707
53.0 293.83375331333707
54.0 290.8275713239397
55.0 288.06763131277904
56.0 284.4759739467076
57.0 279.8131844656808
58.0 276.30735996791293
59.0 272.2097952706473
60.0 267.42740304129467
61.0 264.5054670061384
62.0 261.538338797433
63.0 258.1269967215402
64.0 256.37423270089283
65.0 255.05340358189173
66.0 253.96746826171875
67.0 253.8980974469866
68.0 253.8702850341797
69.0 253.32786124093192
70.0 252.52940368652344
71.0 251.23958478655135
72.0 248.3641074044364
73.0 246.0804922921317
74.0 243.81741986955916
75.0 240.27283586774553
76.0 237.56483677455358
77.0 235.2698734828404
78.0 232.03982761928015
79.0 229.83090209960938
80.0 227.62840053013392
81.0 224.6629180908203
82.0 221.9293670654297
83.0 219.57444545200892
84.0 216.37698800223214
85.0 213.9396231515067
86.0 211.93472726004464
87.0 209.94531032017298
88.0 208.6047079903739
89.0 207.67864118303572
90.0 206.96946498325892
91.0 206.50087193080358
92.0 206.4380645751953
93.0 206.69385419573103
94.0 207.1546870640346
95.0 207.77087184361048
96.0 208.70074462890625
97.0 209.73985508510046
98.0 210.5159955705915
99.0 211.2049800327846
100.0 211.6651327950614
101.0 211.8711678641183
102.0 211.86570957728796
103.0 211.919429234096
104.0 211.8749782017299
105.0 211.91697474888392
106.0 212.17127336774553
107.0 212.58834184919084
108.0 213.1451633998326
109.0 214.12463160923548
110.0 214.80717032296317
111.0 215.7349373953683
112.0 217.14000810895647
113.0 218.41023690359933
114.0 220.06253269740515
115.0 222.02762712751115
116.0 223.20034790039062
117.0 224.4660426548549
118.0 225.8790566580636
119.0 226.92042759486608
120.0 227.69880894252233
121.0 228.89330836704798
122.0 229.6522478376116
123.0 230.68064444405692
124.0 232.23216247558594
125.0 233.41966683523995
126.0 234.36500767299108
127.0 235.74748883928572
128.0 236.63018144880022
129.0 237.4949210030692
130.0 238.6312713623047
131.0 239.71405029296875
132.0 240.48812430245536
133.0 241.13204738071985
134.0 242.02034868512834
135.0 242.19104657854353
136.0 242.06843784877233
137.0 241.91373988560267
138.0 241.5038059779576
139.0 240.58611842564173
140.0 240.10250200544084
141.0 238.99342128208704
142.0 237.50953456333704
143.0 236.07005310058594
144.0 234.99498639787947
145.0 233.76933942522322
146.0 232.29651750837053
147.0 231.25220598493303
148.0 229.48009163992745
149.0 227.38054983956474
150.0 225.76144191196985
151.0 223.98491559709822
152.0 222.10848345075334
153.0 221.10131181989397
154.0 220.2199946812221
155.0 219.4151567731585
156.0 219.40706961495536
157.0 219.99979291643416
158.0 220.99313354492188
159.0 222.04481506347656
160.0 223.8895765032087
161.0 226.54108319963728
162.0 229.03287615094865
163.0 231.51376124790735
164.0 234.6618412562779
165.0 236.24439130510603
166.0 237.40120806012834
167.0 238.18754141671317
168.0 238.15431649344308
169.0 237.5914350237165
170.0 236.28519766671317
171.0 235.30331202915735
172.0 234.5011945452009
173.0 233.85244968959265
174.0 233.84618268694197
175.0 234.03833879743303
176.0 234.8361075265067
177.0 235.78001403808594
178.0 237.1040976388114
179.0 239.45179312569755
180.0 241.75073460170202
181.0 244.11183384486608
182.0 248.17625863211495
183.0 252.1961190359933
184.0 256.31260463169644
185.0 262.52476719447543
186.0 268.6333225795201
187.0 274.69698224748885
188.0 284.4855172293527
189.0 294.0326625279018
190.0 303.3315865652902
191.0 316.49002947126115
192.0 330.1840079171317
193.0 342.44030325753346
194.0 359.8551940917969
195.0 376.94703892299106
196.0 390.9051295689174
197.0 406.2441973005022
198.0 420.2622767857143
199.0 427.24059622628346
200.0 429.2876238141741
201.0 424.4147513253348
202.0 415.81937081473217
203.0 402.44222150530135
204.0 386.7560119628906
205.0 374.0767386300223
206.0 360.842276436942
207.0 345.04073224748885
208.0 334.34798758370533
209.0 322.9889700753348
210.0 310.5798557826451
211.0 302.20855712890625
212.0 294.64075142996654
213.0 285.80391584123885
214.0 280.65225655691967
215.0 275.51017107282365
216.0 269.39193289620533
217.0 265.3013916015625
218.0 261.087637765067
219.0 255.7527117047991
220.0 251.97855050223214
221.0 247.95007106236048
222.0 241.99853515625
223.0 237.99645124162947
224.0 234.10821533203125
225.0 228.6531502859933
226.0 225.26787458147322
227.0 222.08114624023438
228.0 217.91749354771204
229.0 215.03998674665178
230.0 212.5708291190011
231.0 209.21803283691406
232.0 206.88804844447546
233.0 204.8752702985491
234.0 202.1450914655413
235.0 199.9354727608817
236.0 198.19788905552454
237.0 195.93280465262276
238.0 194.16156659807478
239.0 192.72345188685827
240.0 191.06360517229353
241.0 189.30955505371094
242.0 188.11805943080358
243.0 186.6350838797433
244.0 185.35489763532365
245.0 184.3015376499721
246.0 182.903324672154
247.0 181.4517320905413
248.0 180.2529078892299
249.0 178.6109902518136
250.0 176.83861650739397
251.0 175.3910893031529
252.0 173.6998334612165
253.0 171.9990016392299
254.0 170.75767735072546
255.0 169.38768659319197
256.0 167.88348388671875
257.0 166.8293958391462
258.0 165.78016444614954
259.0 164.5686776297433
260.0 163.74744306291853
261.0 162.8427734375
262.0 161.84676688058036
263.0 161.15474591936385
264.0 160.5610831124442
265.0 159.89445277622767
266.0 159.59521266392298
267.0 159.2079598563058
268.0 158.7203652518136
269.0 158.38128444126673
270.0 158.14377920968192
271.0 157.72759355817522
272.0 157.42557198660714
273.0 157.0292489188058
274.0 156.42548043387276
275.0 156.07775224958147
276.0 155.74329703194755
277.0 155.2037135532924
278.0 154.7147674560547
279.0 154.28626578194755
280.0 153.60709490094865
281.0 153.20369393484933
282.0 152.76734488351005
283.0 152.26773507254464
284.0 151.72839137486048
285.0 151.30979701450892
286.0 150.6489497593471
287.0 150.00944301060267
288.0 149.43785095214844
289.0 148.67010062081474
290.0 148.05022975376673
291.0 147.63740757533483
292.0 146.9812752859933
293.0 146.4412384033203
294.0 146.0377153669085
295.0 145.6081826346261
296.0 145.14630562918526
297.0 144.75895472935267
298.0 144.2707759312221
299.0 143.86205400739397
300.0 143.5985390799386
301.0 143.40718732561385
302.0 143.16504778180803
303.0 143.03063092912947
304.0 142.8375483921596
305.0 142.64845275878906
306.0 142.48236519949776
307.0 142.40409197126115
308.0 142.41678510393416
309.0 142.50540379115515
310.0 142.6114763532366
311.0 142.8605019705636
312.0 143.13117327008928
313.0 143.3802032470703
314.0 143.74346051897322
315.0 144.04720197405135
316.0 144.41376386369978
317.0 144.86104474748885
318.0 145.00958469935827
319.0 145.0011029924665
320.0 144.87654985700334
321.0 144.73233904157365
322.0 144.60440499441964
323.0 144.2735879080636
324.0 144.07359749930245
325.0 143.81000409807478
326.0 143.4344199044364
327.0 143.15433611188615
328.0 142.94425746372767
329.0 142.68115452357702
330.0 142.49168178013392
331.0 142.31600080217635
332.0 142.18866184779577
333.0 142.0756334577288
334.0 141.9437473842076
335.0 141.54690769740515
336.0 141.19766235351562
337.0 140.9176526750837
338.0 140.7105211530413
339.0 140.58070591517858
340.0 140.43201555524553
341.0 140.31051417759485
342.0 140.26407732282365
343.0 140.24115426199776
344.0 140.29722595214844
345.0 140.49859401157923
346.0 140.6903359549386
347.0 141.0203617640904
348.0 141.4512481689453
349.0 141.95365251813615
350.0 142.7461918422154
351.0 143.80694580078125
352.0 144.85916791643416
353.0 146.24402509416853
354.0 147.57566397530692
355.0 148.36136518205916
356.0 149.01930454799108
357.0 149.46850367954798
358.0 149.80172729492188
359.0 150.21023995535714
360.0 150.76157924107142
361.0 151.22769165039062
362.0 151.83152553013392
363.0 152.7764129638672
364.0 153.68076869419642
365.0 154.66280255998885
366.0 155.9535173688616
367.0 156.75225394112724
368.0 157.43071637834822
369.0 158.25752694266183
370.0 158.71342032296317
371.0 159.0048610142299
372.0 158.86244419642858
373.0 158.63372148786272
374.0 158.41111537388392
375.0 158.24077715192522
376.0 158.09495326450892
377.0 157.93662588936942
