# Cuts through the PSF

# Note that for the two diagonal cuts, the positions have to be
# computed as x*sqrt(2).

#x [pixels]     psf(x,0)     psf(0,x)     psf(x,x)    psf(x,-x)
       -119 0.000000e+00 0.000000e+00 0.000000e+00 0.000000e+00
       -118 0.000000e+00 0.000000e+00 0.000000e+00 0.000000e+00
       -117 0.000000e+00 0.000000e+00 0.000000e+00 0.000000e+00
       -116 0.000000e+00 0.000000e+00 0.000000e+00 0.000000e+00
       -115 0.000000e+00 0.000000e+00 0.000000e+00 0.000000e+00
       -114 0.000000e+00 0.000000e+00 0.000000e+00 0.000000e+00
       -113 0.000000e+00 0.000000e+00 0.000000e+00 0.000000e+00
       -112 0.000000e+00 0.000000e+00 0.000000e+00 0.000000e+00
       -111 0.000000e+00 0.000000e+00 0.000000e+00 0.000000e+00
       -110 0.000000e+00 0.000000e+00 0.000000e+00 0.000000e+00
       -109 0.000000e+00 0.000000e+00 0.000000e+00 0.000000e+00
       -108 0.000000e+00 0.000000e+00 0.000000e+00 0.000000e+00
       -107 0.000000e+00 0.000000e+00 0.000000e+00 0.000000e+00
       -106 0.000000e+00 0.000000e+00 0.000000e+00 0.000000e+00
       -105 0.000000e+00 0.000000e+00 0.000000e+00 0.000000e+00
       -104 0.000000e+00 0.000000e+00 0.000000e+00 0.000000e+00
       -103 6.887999e-12 2.667637e-10 0.000000e+00 9.191646e-11
       -102 2.505333e-10 4.546338e-09 0.000000e+00 1.531737e-09
       -101 2.730832e-09 2.083222e-08 0.000000e+00 6.770577e-09
       -100 1.001492e-08 3.265734e-08 0.000000e+00 1.401581e-08
        -99 1.254589e-08 3.487089e-08 0.000000e+00 1.544674e-08
        -98 1.504154e-08 3.670873e-08 0.000000e+00 1.643573e-08
        -97 1.481790e-08 4.117270e-08 2.705374e-11 1.742414e-08
        -96 1.590992e-08 4.057701e-08 7.486448e-10 1.853143e-08
        -95 1.936956e-08 4.305735e-08 5.812250e-09 2.004708e-08
        -94 1.886022e-08 4.817724e-08 1.387855e-08 2.101480e-08
        -93 2.061822e-08 4.768233e-08 1.607968e-08 2.241530e-08
        -92 2.486194e-08 5.050356e-08 1.651502e-08 2.569403e-08
        -91 2.444891e-08 5.628919e-08 1.849926e-08 2.730295e-08
        -90 2.637697e-08 5.602424e-08 2.081125e-08 2.773119e-08
        -89 3.076902e-08 5.895276e-08 2.057755e-08 3.301444e-08
        -88 3.081943e-08 6.596049e-08 2.503130e-08 3.560379e-08
        -87 3.356886e-08 6.629958e-08 2.793448e-08 3.587617e-08
        -86 3.782061e-08 6.699231e-08 2.904635e-08 4.141156e-08
        -85 4.026342e-08 7.451189e-08 3.394280e-08 4.453011e-08
        -84 4.109409e-08 7.897827e-08 3.715373e-08 4.578970e-08
        -83 4.453309e-08 8.031144e-08 3.881419e-08 5.108125e-08
        -82 4.821626e-08 8.390894e-08 4.481732e-08 5.211561e-08
        -81 4.757949e-08 8.820913e-08 4.742558e-08 5.353500e-08
        -80 5.245626e-08 9.303633e-08 5.090997e-08 5.985467e-08
        -79 5.375001e-08 9.531562e-08 5.470455e-08 5.878369e-08
        -78 5.584526e-08 9.985855e-08 5.675974e-08 6.207998e-08
        -77 5.961184e-08 1.058604e-07 5.759333e-08 6.268130e-08
        -76 5.983637e-08 1.093416e-07 6.190136e-08 6.315057e-08
        -75 6.905596e-08 1.136374e-07 6.315494e-08 6.674109e-08
        -74 6.873776e-08 1.178188e-07 6.515566e-08 6.558696e-08
        -73 7.542394e-08 1.209003e-07 6.479403e-08 6.548350e-08
        -72 8.368195e-08 1.269609e-07 6.303043e-08 6.355348e-08
        -71 9.148596e-08 1.313224e-07 6.472406e-08 6.565469e-08
        -70 9.851438e-08 1.373706e-07 5.908553e-08 6.232793e-08
        -69 1.055547e-07 1.459114e-07 6.271014e-08 6.556285e-08
        -68 1.267304e-07 1.518004e-07 5.922496e-08 6.084768e-08
        -67 1.333647e-07 1.637373e-07 5.990361e-08 6.529391e-08
        -66 1.591072e-07 1.731528e-07 5.777959e-08 6.341497e-08
        -65 1.648113e-07 1.856245e-07 5.828134e-08 6.979162e-08
        -64 1.898214e-07 1.984955e-07 5.807913e-08 7.049554e-08
        -63 2.009042e-07 2.120003e-07 6.040617e-08 8.110073e-08
        -62 2.248221e-07 2.312851e-07 6.391296e-08 8.418823e-08
        -61 2.423914e-07 2.483781e-07 7.153560e-08 1.006076e-07
        -60 2.650312e-07 2.685260e-07 7.919115e-08 1.058149e-07
        -59 2.874882e-07 2.916045e-07 9.390381e-08 1.276025e-07
        -58 3.067443e-07 3.053841e-07 1.099096e-07 1.383957e-07
        -57 3.331676e-07 3.365595e-07 1.329290e-07 1.637875e-07
        -56 3.571232e-07 3.527022e-07 1.573033e-07 1.816992e-07
        -55 3.780007e-07 3.791856e-07 1.841038e-07 2.101747e-07
        -54 4.232479e-07 4.137113e-07 2.151724e-07 2.443641e-07
        -53 4.236738e-07 4.233564e-07 2.461180e-07 2.577476e-07
        -52 4.840095e-07 4.787998e-07 2.827045e-07 3.058872e-07
        -51 5.040072e-07 4.845525e-07 3.286923e-07 3.356891e-07
        -50 5.264582e-07 5.244868e-07 3.651129e-07 3.830911e-07
        -49 6.156955e-07 6.033804e-07 4.097115e-07 4.077220e-07
        -48 6.008524e-07 5.984026e-07 4.514775e-07 4.194545e-07
        -47 6.979939e-07 6.565239e-07 4.874416e-07 4.817894e-07
        -46 8.197042e-07 7.574370e-07 5.445576e-07 5.031783e-07
        -45 8.182034e-07 7.709210e-07 5.853071e-07 5.087884e-07
        -44 9.763539e-07 8.531950e-07 6.264651e-07 5.391674e-07
        -43 1.206190e-06 9.877299e-07 6.663544e-07 5.472698e-07
        -42 1.281197e-06 1.030877e-06 7.257172e-07 5.638560e-07
        -41 1.418053e-06 1.107719e-06 7.420934e-07 5.911112e-07
        -40 1.658500e-06 1.246096e-06 7.984204e-07 5.845427e-07
        -39 1.893488e-06 1.333236e-06 8.459278e-07 5.970498e-07
        -38 2.025903e-06 1.408957e-06 8.635496e-07 6.264096e-07
        -37 2.216706e-06 1.520408e-06 8.795737e-07 6.851094e-07
        -36 2.448729e-06 1.662434e-06 9.063246e-07 7.269263e-07
        -35 2.692704e-06 1.843306e-06 9.248417e-07 7.534752e-07
        -34 2.933772e-06 2.096601e-06 9.412817e-07 7.856654e-07
        -33 3.138973e-06 2.455701e-06 9.696290e-07 8.566631e-07
        -32 3.326687e-06 2.900383e-06 1.045917e-06 9.754383e-07
        -31 3.512973e-06 3.391718e-06 1.185470e-06 1.120712e-06
        -30 3.725477e-06 3.888149e-06 1.405161e-06 1.290746e-06
        -29 3.981058e-06 4.338332e-06 1.722607e-06 1.511661e-06
        -28 4.405045e-06 4.687359e-06 2.144890e-06 1.796649e-06
        -27 5.281931e-06 5.124519e-06 2.741273e-06 2.135528e-06
        -26 6.954690e-06 6.018209e-06 3.562486e-06 2.604786e-06
        -25 9.911869e-06 7.787506e-06 4.416713e-06 3.262688e-06
        -24 1.494463e-05 1.040869e-05 5.481438e-06 3.928269e-06
        -23 2.254306e-05 1.403799e-05 7.204208e-06 4.772101e-06
        -22 2.989844e-05 1.870896e-05 9.070001e-06 6.488854e-06
        -21 3.713993e-05 2.402629e-05 1.192579e-05 8.267256e-06
        -20 4.062095e-05 2.866875e-05 1.550252e-05 1.059403e-05
        -19 3.812606e-05 3.389938e-05 2.032658e-05 1.397234e-05
        -18 3.726804e-05 3.833160e-05 2.591090e-05 1.814865e-05
        -17 4.634287e-05 4.546460e-05 3.332013e-05 2.436468e-05
        -16 6.628474e-05 5.402167e-05 4.206440e-05 3.288203e-05
        -15 8.954233e-05 6.419633e-05 5.214312e-05 4.196060e-05
        -14 9.964212e-05 7.363506e-05 6.232446e-05 5.028954e-05
        -13 9.674345e-05 8.250355e-05 7.193271e-05 5.685619e-05
        -12 1.087266e-04 9.301575e-05 8.335591e-05 5.941283e-05
        -11 1.406140e-04 1.084098e-04 9.971003e-05 6.275307e-05
        -10 1.678572e-04 1.140443e-04 1.295289e-04 7.844051e-05
         -9 2.448061e-04 1.439309e-04 1.824315e-04 9.355418e-05
         -8 4.552319e-04 2.536309e-04 2.331299e-04 1.014041e-04
         -7 6.272313e-04 3.481224e-04 1.883820e-04 9.040478e-05
         -6 6.445051e-04 5.006166e-04 2.455918e-04 1.255031e-04
         -5 6.997857e-04 7.952516e-04 4.742278e-04 2.851850e-04
         -4 1.350281e-03 1.866604e-03 6.713842e-04 3.928826e-04
         -3 3.506495e-03 4.683441e-03 1.039485e-03 9.400611e-04
         -2 1.334228e-02 1.638968e-02 3.420412e-03 2.043523e-03
         -1 7.168996e-02 7.843472e-02 3.394233e-02 8.147375e-03
          0 1.709312e-01 1.709312e-01 1.709312e-01 7.642438e-02
          1 6.552272e-02 7.642438e-02 2.887017e-02 6.552272e-02
          2 1.096936e-02 1.425627e-02 2.446772e-03 7.991961e-03
          3 2.919005e-03 3.203296e-03 1.116831e-03 2.368960e-03
          4 1.233346e-03 1.981602e-03 5.914109e-04 8.176083e-04
          5 5.928544e-04 1.030874e-03 4.890024e-04 4.410280e-04
          6 4.749554e-04 5.296246e-04 2.526710e-04 2.820680e-04
          7 3.930513e-04 3.361528e-04 1.496424e-04 1.550082e-04
          8 2.271709e-04 2.196872e-04 1.625590e-04 1.490554e-04
          9 1.024903e-04 1.131001e-04 1.519229e-04 1.537840e-04
         10 7.780560e-05 8.058215e-05 1.280895e-04 1.283618e-04
         11 8.090107e-05 9.118758e-05 9.207304e-05 9.232296e-05
         12 7.362781e-05 1.010226e-04 7.796850e-05 7.279940e-05
         13 6.815439e-05 1.084899e-04 7.913852e-05 6.401234e-05
         14 6.224265e-05 1.117111e-04 7.752894e-05 5.702808e-05
         15 5.643998e-05 1.007964e-04 6.830115e-05 5.107770e-05
         16 5.363109e-05 8.508040e-05 5.710201e-05 4.800682e-05
         17 5.241376e-05 7.206474e-05 4.667283e-05 4.363352e-05
         18 5.201464e-05 6.507197e-05 3.805704e-05 3.730307e-05
         19 5.279309e-05 6.022667e-05 2.993623e-05 2.946872e-05
         20 5.226889e-05 5.426591e-05 2.367167e-05 2.292047e-05
         21 4.531961e-05 4.868762e-05 1.758870e-05 1.793521e-05
         22 3.540978e-05 4.272196e-05 1.439783e-05 1.485992e-05
         23 2.602514e-05 3.538924e-05 1.144219e-05 1.199172e-05
         24 1.756562e-05 2.766226e-05 9.736676e-06 9.359563e-06
         25 1.232102e-05 2.126926e-05 8.177715e-06 7.607109e-06
         26 9.167877e-06 1.540584e-05 6.834405e-06 6.196403e-06
         27 7.202455e-06 1.058167e-05 5.542653e-06 5.049343e-06
         28 6.028957e-06 7.607319e-06 4.402758e-06 3.968094e-06
         29 5.208837e-06 6.148573e-06 3.474840e-06 3.043145e-06
         30 4.571847e-06 5.477056e-06 2.744458e-06 2.362142e-06
         31 4.167874e-06 5.188250e-06 2.180548e-06 1.840955e-06
         32 3.975582e-06 5.038882e-06 1.755891e-06 1.421657e-06
         33 3.821730e-06 4.834579e-06 1.444108e-06 1.113638e-06
         34 3.615575e-06 4.493766e-06 1.228261e-06 9.279924e-07
         35 3.378638e-06 4.065217e-06 1.091397e-06 8.521358e-07
         36 3.161975e-06 3.582697e-06 9.963296e-07 8.554867e-07
         37 2.905019e-06 3.035034e-06 9.391100e-07 9.059573e-07
         38 2.626392e-06 2.516332e-06 9.174767e-07 9.964250e-07
         39 2.360086e-06 2.129359e-06 9.167556e-07 1.107734e-06
         40 2.074951e-06 1.733617e-06 8.735946e-07 1.249659e-06
         41 1.800168e-06 1.452583e-06 8.055716e-07 1.342067e-06
         42 1.601779e-06 1.237758e-06 7.625630e-07 1.480233e-06
         43 1.496301e-06 1.069317e-06 6.902943e-07 1.526662e-06
         44 1.316673e-06 8.690605e-07 6.112481e-07 1.638303e-06
         45 1.103387e-06 8.060379e-07 5.670253e-07 1.600513e-06
         46 1.063648e-06 7.291256e-07 4.749564e-07 1.664176e-06
         47 9.601638e-07 5.997384e-07 4.185690e-07 1.641069e-06
         48 7.997033e-07 5.727302e-07 3.823714e-07 1.563717e-06
         49 7.629292e-07 5.561865e-07 3.231291e-07 1.549378e-06
         50 6.888579e-07 4.858723e-07 2.804510e-07 1.440414e-06
         51 6.246165e-07 4.672216e-07 2.424227e-07 1.388616e-06
         52 5.910512e-07 4.744906e-07 2.011647e-07 1.288433e-06
         53 5.504345e-07 4.505525e-07 1.790221e-07 1.173859e-06
         54 5.370377e-07 4.589743e-07 1.499588e-07 1.071196e-06
         55 5.247350e-07 4.415387e-07 1.239766e-07 9.410667e-07
         56 5.090703e-07 4.301383e-07 1.064805e-07 8.388486e-07
         57 5.136587e-07 4.251019e-07 8.558526e-08 7.243255e-07
         58 4.889993e-07 4.151911e-07 7.493158e-08 6.129413e-07
         59 4.746624e-07 4.068527e-07 6.126828e-08 5.219106e-07
         60 4.459350e-07 4.019664e-07 5.475938e-08 4.222469e-07
         61 4.211713e-07 3.841075e-07 4.789706e-08 3.548438e-07
         62 3.918104e-07 3.788018e-07 4.585617e-08 2.777118e-07
         63 3.601998e-07 3.564350e-07 4.382947e-08 2.324737e-07
         64 3.299552e-07 3.457950e-07 4.469001e-08 1.845338e-07
         65 2.954761e-07 3.227501e-07 4.559363e-08 1.549673e-07
         66 2.724999e-07 3.051541e-07 4.764226e-08 1.339581e-07
         67 2.427739e-07 2.871414e-07 5.031718e-08 1.158702e-07
         68 2.299037e-07 2.656182e-07 5.062792e-08 1.105491e-07
         69 2.013623e-07 2.468380e-07 5.545464e-08 1.029842e-07
         70 1.872790e-07 2.289774e-07 5.112206e-08 1.108197e-07
         71 1.688291e-07 2.040863e-07 5.720034e-08 1.055489e-07
         72 1.564391e-07 1.850125e-07 5.298678e-08 1.178546e-07
         73 1.406193e-07 1.685617e-07 5.448814e-08 1.183565e-07
         74 1.294197e-07 1.455442e-07 5.564841e-08 1.271106e-07
         75 1.211221e-07 1.301847e-07 5.137782e-08 1.284772e-07
         76 1.085486e-07 1.140711e-07 5.235462e-08 1.310852e-07
         77 1.011777e-07 1.030736e-07 4.631102e-08 1.347712e-07
         78 9.427057e-08 9.007447e-08 4.217933e-08 1.301710e-07
         79 8.853129e-08 7.757507e-08 4.209327e-08 1.337112e-07
         80 7.723828e-08 7.014067e-08 3.767959e-08 1.267400e-07
         81 7.022359e-08 6.077238e-08 3.564049e-08 1.209991e-07
         82 6.679360e-08 5.361429e-08 3.207019e-08 1.147286e-07
         83 6.076421e-08 4.831737e-08 2.581744e-08 1.049734e-07
         84 5.469554e-08 4.309495e-08 2.620494e-08 1.034520e-07
         85 5.019172e-08 3.829662e-08 2.368049e-08 9.434630e-08
         86 4.720436e-08 3.479483e-08 1.896472e-08 8.255457e-08
         87 4.247856e-08 3.294575e-08 1.845443e-08 7.712929e-08
         88 3.732208e-08 2.951256e-08 1.682283e-08 6.924648e-08
         89 3.726790e-08 2.649094e-08 1.422546e-08 5.944724e-08
         90 3.567792e-08 2.558980e-08 1.314493e-08 5.357079e-08
         91 3.131331e-08 2.436335e-08 1.288683e-08 4.748150e-08
         92 3.122894e-08 2.164203e-08 1.160523e-08 4.093514e-08
         93 3.117747e-08 2.079330e-08 1.104492e-08 3.553830e-08
         94 2.754983e-08 2.035786e-08 9.946113e-09 3.141199e-08
         95 2.707804e-08 1.774130e-08 3.528620e-09 2.725052e-08
         96 2.644085e-08 1.709587e-08 3.484227e-10 2.426136e-08
         97 2.375437e-08 1.650681e-08 4.662858e-12 2.231791e-08
         98 2.367294e-08 1.463394e-08 0.000000e+00 1.937863e-08
         99 2.259369e-08 1.417209e-08 0.000000e+00 1.755721e-08
        100 1.682345e-08 1.233419e-08 0.000000e+00 1.764898e-08
        101 4.281225e-09 7.371287e-09 0.000000e+00 1.629616e-08
        102 3.519663e-10 1.569107e-09 0.000000e+00 1.443231e-08
        103 7.684871e-12 9.120697e-11 0.000000e+00 9.248010e-09
        104 0.000000e+00 0.000000e+00 0.000000e+00 2.765642e-09
        105 0.000000e+00 0.000000e+00 0.000000e+00 2.940883e-10
        106 0.000000e+00 0.000000e+00 0.000000e+00 0.000000e+00
        107 0.000000e+00 0.000000e+00 0.000000e+00 0.000000e+00
        108 0.000000e+00 0.000000e+00 0.000000e+00 0.000000e+00
        109 0.000000e+00 0.000000e+00 0.000000e+00 0.000000e+00
        110 0.000000e+00 0.000000e+00 0.000000e+00 0.000000e+00
        111 0.000000e+00 0.000000e+00 0.000000e+00 0.000000e+00
        112 0.000000e+00 0.000000e+00 0.000000e+00 0.000000e+00
        113 0.000000e+00 0.000000e+00 0.000000e+00 0.000000e+00
        114 0.000000e+00 0.000000e+00 0.000000e+00 0.000000e+00
        115 0.000000e+00 0.000000e+00 0.000000e+00 0.000000e+00
        116 0.000000e+00 0.000000e+00 0.000000e+00 0.000000e+00
        117 0.000000e+00 0.000000e+00 0.000000e+00 0.000000e+00
        118 0.000000e+00 0.000000e+00 0.000000e+00 0.000000e+00
        119 0.000000e+00 0.000000e+00 0.000000e+00 0.000000e+00
