# Cuts through the PSF

# Note that for the two diagonal cuts, the positions have to be
# computed as x*sqrt(2).

#x [pixels]     psf(x,0)     psf(0,x)     psf(x,x)    psf(x,-x)
       -599 2.097593e-10 4.227901e-10 6.965869e-09 6.965869e-09
       -598 1.764146e-10 4.824147e-10 6.894822e-09 3.943825e-09
       -597 4.496169e-10 6.271387e-10 6.528210e-09 4.473416e-09
       -596 5.087446e-10 5.772168e-10 5.658947e-09 4.730864e-09
       -595 3.840384e-10 4.315008e-10 6.286396e-09 4.465593e-09
       -594 5.311480e-10 6.371818e-10 7.449943e-09 4.403420e-09
       -593 7.812874e-10 1.025307e-09 7.177064e-09 4.509266e-09
       -592 6.616915e-10 9.794294e-10 6.392425e-09 4.385546e-09
       -591 3.812870e-10 5.911658e-10 5.146086e-09 3.505533e-09
       -590 3.253073e-10 4.173071e-10 6.815629e-09 3.845250e-09
       -589 3.548589e-10 4.519274e-10 7.902889e-09 4.587249e-09
       -588 3.696976e-10 4.645298e-10 7.492774e-09 5.288951e-09
       -587 4.169207e-10 6.058325e-10 6.644022e-09 5.325545e-09
       -586 3.860338e-10 6.603140e-10 4.899506e-09 3.806906e-09
       -585 3.658217e-10 4.771143e-10 7.429287e-09 4.976032e-09
       -584 4.816743e-10 4.743037e-10 9.619944e-09 6.008533e-09
       -583 4.759925e-10 5.729174e-10 9.099672e-09 6.643252e-09
       -582 4.142041e-10 4.740384e-10 6.830086e-09 6.402739e-09
       -581 4.423667e-10 4.384660e-10 5.230437e-09 3.695582e-09
       -580 3.252392e-10 5.254635e-10 6.492378e-09 3.213060e-09
       -579 2.675029e-10 5.883176e-10 6.814718e-09 3.771925e-09
       -578 4.920125e-10 6.687081e-10 6.248104e-09 4.285101e-09
       -577 5.185561e-10 6.334951e-10 4.707145e-09 4.001958e-09
       -576 3.764419e-10 5.568035e-10 5.531187e-09 3.520435e-09
       -575 6.007841e-10 8.430799e-10 6.882918e-09 3.858180e-09
       -574 8.539124e-10 1.244865e-09 7.161101e-09 4.879252e-09
       -573 6.888268e-10 1.106578e-09 6.240573e-09 4.788745e-09
       -572 4.665813e-10 6.134871e-10 5.008205e-09 3.182638e-09
       -571 3.959554e-10 3.970604e-10 7.376095e-09 3.443932e-09
       -570 3.490608e-10 4.828492e-10 8.057651e-09 4.559115e-09
       -569 4.710751e-10 6.700675e-10 8.559333e-09 6.522773e-09
       -568 6.332154e-10 8.310355e-10 6.344824e-09 5.351620e-09
       -567 5.424562e-10 7.049846e-10 5.432482e-09 3.779055e-09
       -566 4.667332e-10 5.392111e-10 9.379911e-09 5.723394e-09
       -565 5.587257e-10 6.685807e-10 1.123763e-08 7.224145e-09
       -564 6.194386e-10 6.747721e-10 9.966896e-09 8.515547e-09
       -563 6.099414e-10 5.131755e-10 6.222891e-09 5.488153e-09
       -562 4.678883e-10 5.575613e-10 6.657383e-09 3.358841e-09
       -561 3.115971e-10 6.221686e-10 8.602744e-09 4.474069e-09
       -560 4.421402e-10 6.663829e-10 9.117429e-09 5.784157e-09
       -559 5.742415e-10 7.026073e-10 6.666088e-09 5.257284e-09
       -558 4.800173e-10 6.371478e-10 5.435076e-09 3.587904e-09
       -557 6.631536e-10 8.646689e-10 7.681222e-09 3.974153e-09
       -556 1.024427e-09 1.317265e-09 9.763619e-09 6.398958e-09
       -555 9.823922e-10 1.236317e-09 1.007145e-08 7.629452e-09
       -554 7.228899e-10 7.424056e-10 7.120387e-09 4.701986e-09
       -553 5.112201e-10 5.069218e-10 8.688900e-09 3.684428e-09
       -552 4.093159e-10 5.725612e-10 1.044085e-08 5.139226e-09
       -551 6.392296e-10 7.880052e-10 1.250765e-08 8.689407e-09
       -550 8.999776e-10 1.007720e-09 9.696574e-09 7.842595e-09
       -549 6.971055e-10 8.678664e-10 7.145760e-09 5.082609e-09
       -548 5.528944e-10 6.424372e-10 1.181844e-08 7.066771e-09
       -547 7.251281e-10 7.793415e-10 1.564490e-08 9.907701e-09
       -546 8.342655e-10 8.046209e-10 1.466638e-08 1.151626e-08
       -545 8.025615e-10 6.728295e-10 9.408004e-09 7.116966e-09
       -544 6.644169e-10 7.978933e-10 9.985373e-09 5.361466e-09
       -543 5.467441e-10 8.172057e-10 1.317773e-08 7.738418e-09
       -542 6.977032e-10 6.933635e-10 1.444475e-08 9.651949e-09
       -541 7.545736e-10 7.201837e-10 1.003337e-08 7.343783e-09
       -540 6.475879e-10 8.011667e-10 8.261296e-09 4.802432e-09
       -539 8.592474e-10 1.042376e-09 1.136438e-08 6.355319e-09
       -538 1.076135e-09 1.276961e-09 1.605802e-08 1.098292e-08
       -537 9.568213e-10 1.079983e-09 1.553996e-08 1.086363e-08
       -536 7.695970e-10 7.443101e-10 1.210730e-08 6.567112e-09
       -535 5.849816e-10 7.163631e-10 1.306958e-08 5.957904e-09
       -534 6.042833e-10 9.704443e-10 1.650510e-08 9.944018e-09
       -533 1.034151e-09 1.216942e-09 1.866515e-08 1.391153e-08
       -532 1.031537e-09 1.121920e-09 1.302083e-08 1.009811e-08
       -531 6.740803e-10 8.339839e-10 1.331642e-08 8.751800e-09
       -530 6.744600e-10 8.082877e-10 1.853411e-08 1.136646e-08
       -529 9.144821e-10 9.157695e-10 2.213482e-08 1.538650e-08
       -528 1.036849e-09 9.353731e-10 1.771888e-08 1.274917e-08
       -527 1.052138e-09 1.168487e-09 1.485786e-08 8.795967e-09
       -526 9.638467e-10 1.276274e-09 1.718824e-08 1.074951e-08
       -525 9.292503e-10 9.559252e-10 2.062138e-08 1.422514e-08
       -524 9.167513e-10 8.039243e-10 1.782591e-08 1.291487e-08
       -523 8.542627e-10 9.562060e-10 1.430496e-08 9.005118e-09
       -522 9.714161e-10 1.106969e-09 1.635479e-08 9.216894e-09
       -521 1.180096e-09 1.259973e-09 2.281216e-08 1.473857e-08
       -520 1.189322e-09 1.243707e-09 2.503988e-08 1.616248e-08
       -519 9.950178e-10 9.310646e-10 2.141431e-08 1.185103e-08
       -518 7.589182e-10 8.727994e-10 1.965197e-08 1.043520e-08
       -517 1.005906e-09 1.430226e-09 2.269547e-08 1.486514e-08
       -516 1.501564e-09 1.718179e-09 2.505896e-08 1.907496e-08
       -515 1.315711e-09 1.230801e-09 2.082299e-08 1.516096e-08
       -514 9.155388e-10 9.898905e-10 2.104965e-08 1.262670e-08
       -513 8.075202e-10 1.044747e-09 2.523644e-08 1.477409e-08
       -512 9.690772e-10 8.794060e-10 2.816100e-08 1.876678e-08
       -511 1.390067e-09 1.243977e-09 2.493042e-08 1.618295e-08
       -510 1.674706e-09 2.086611e-09 2.437525e-08 1.446243e-08
       -509 1.108948e-09 1.511850e-09 2.668305e-08 1.693778e-08
       -508 1.427852e-09 1.373222e-09 2.751236e-08 1.925944e-08
       -507 2.792724e-09 3.077449e-09 2.325802e-08 1.677939e-08
       -506 2.604099e-09 3.247399e-09 2.248713e-08 1.456197e-08
       -505 1.122086e-09 1.474453e-09 2.711708e-08 1.685147e-08
       -504 1.263664e-09 1.312961e-09 3.268921e-08 2.125011e-08
       -503 1.623415e-09 1.629282e-09 3.118343e-08 1.925946e-08
       -502 1.168533e-09 1.097147e-09 2.784053e-08 1.689024e-08
       -501 8.479518e-10 1.389740e-09 2.897638e-08 1.864757e-08
       -500 1.620562e-09 2.415676e-09 3.322932e-08 2.323769e-08
       -499 1.773601e-09 1.818655e-09 3.039824e-08 2.102613e-08
       -498 1.174478e-09 1.038205e-09 2.872142e-08 1.674255e-08
       -497 9.392005e-10 1.220997e-09 3.142279e-08 1.683560e-08
       -496 9.364621e-10 1.025325e-09 3.541338e-08 2.133770e-08
       -495 1.336208e-09 1.282729e-09 3.294219e-08 2.077862e-08
       -494 2.097902e-09 2.670361e-09 3.110229e-08 1.950245e-08
       -493 1.549866e-09 2.160882e-09 3.371166e-08 2.212273e-08
       -492 1.473761e-09 1.427674e-09 3.634987e-08 2.505776e-08
       -491 3.177153e-09 3.418643e-09 3.230754e-08 2.282369e-08
       -490 3.257928e-09 3.983706e-09 2.935607e-08 1.961186e-08
       -489 1.320494e-09 1.927337e-09 3.319842e-08 2.063601e-08
       -488 1.510369e-09 1.800038e-09 3.977954e-08 2.435504e-08
       -487 1.951655e-09 2.153716e-09 4.013263e-08 2.371516e-08
       -486 1.406303e-09 1.348012e-09 3.570332e-08 2.265449e-08
       -485 1.098350e-09 1.935650e-09 3.602431e-08 2.484999e-08
       -484 1.872173e-09 3.055600e-09 3.966752e-08 2.775681e-08
       -483 1.863566e-09 1.855248e-09 3.776439e-08 2.417354e-08
       -482 1.311860e-09 1.204049e-09 3.620707e-08 1.961426e-08
       -481 1.063362e-09 1.572635e-09 3.818170e-08 2.130525e-08
       -480 1.043844e-09 1.226725e-09 4.103114e-08 2.574089e-08
       -479 1.838704e-09 2.179315e-09 3.915143e-08 2.463420e-08
       -478 2.425360e-09 3.618067e-09 3.790202e-08 2.349115e-08
       -477 1.572719e-09 2.232916e-09 4.032945e-08 2.594315e-08
       -476 2.267706e-09 2.266170e-09 4.172535e-08 2.854843e-08
       -475 3.910782e-09 4.521362e-09 3.889783e-08 2.737029e-08
       -474 2.566844e-09 3.483474e-09 3.717546e-08 2.388316e-08
       -473 1.242109e-09 2.036976e-09 4.010518e-08 2.353695e-08
       -472 1.904469e-09 2.723438e-09 4.462808e-08 2.553739e-08
       -471 2.207553e-09 2.238902e-09 4.373788e-08 2.714058e-08
       -470 1.322596e-09 1.899209e-09 4.028182e-08 2.797840e-08
       -469 1.765045e-09 3.686651e-09 4.107605e-08 2.871176e-08
       -468 2.223888e-09 2.997732e-09 4.123370e-08 2.635783e-08
       -467 1.721496e-09 1.276461e-09 4.147967e-08 2.308549e-08
       -466 1.236840e-09 1.859176e-09 4.262104e-08 2.437122e-08
       -465 9.454221e-10 1.884187e-09 4.433389e-08 2.868782e-08
       -464 1.679894e-09 2.328620e-09 4.237488e-08 2.752768e-08
       -463 2.715758e-09 4.279032e-09 4.025598e-08 2.508544e-08
       -462 1.880931e-09 3.238857e-09 4.189682e-08 2.617490e-08
       -461 2.201945e-09 2.424575e-09 4.477930e-08 2.926796e-08
       -460 4.312628e-09 4.802670e-09 4.297185e-08 2.961268e-08
       -459 3.262471e-09 4.401967e-09 3.941031e-08 2.543151e-08
       -458 1.293503e-09 2.732719e-09 3.949183e-08 2.282689e-08
       -457 2.061688e-09 3.422507e-09 4.487369e-08 2.559342e-08
       -456 2.450497e-09 2.664708e-09 4.542923e-08 2.899512e-08
       -455 1.493311e-09 2.688929e-09 4.090336e-08 2.928024e-08
       -454 1.917794e-09 4.779640e-09 3.910218e-08 2.773599e-08
       -453 2.353477e-09 3.147774e-09 4.117351e-08 2.531883e-08
       -452 1.952515e-09 1.250115e-09 4.492314e-08 2.422588e-08
       -451 1.356483e-09 2.571573e-09 4.489061e-08 2.602262e-08
       -450 9.255097e-10 2.806207e-09 4.212724e-08 2.805084e-08
       -449 2.061546e-09 3.488626e-09 3.893583e-08 2.618275e-08
       -448 2.681892e-09 4.632855e-09 3.924688e-08 2.558710e-08
       -447 1.830113e-09 3.139723e-09 4.217272e-08 2.656162e-08
       -446 3.490311e-09 3.644571e-09 4.318428e-08 2.832951e-08
       -445 4.906382e-09 5.307140e-09 4.002027e-08 2.715359e-08
       -444 2.398492e-09 3.790893e-09 3.658106e-08 2.237047e-08
       -443 1.774315e-09 3.457783e-09 3.818313e-08 2.069821e-08
       -442 2.810184e-09 3.724978e-09 4.245857e-08 2.446497e-08
       -441 2.124014e-09 3.038247e-09 3.980655e-08 2.725966e-08
       -440 1.452793e-09 5.094330e-09 3.546472e-08 2.676956e-08
       -439 2.270853e-09 4.989442e-09 3.473610e-08 2.383433e-08
       -438 2.479162e-09 1.692387e-09 3.981713e-08 2.212258e-08
       -437 1.775025e-09 2.485358e-09 4.225722e-08 2.309944e-08
       -436 1.071127e-09 4.106449e-09 3.851195e-08 2.535589e-08
       -435 1.949294e-09 3.956329e-09 3.374414e-08 2.450375e-08
       -434 2.962809e-09 4.691758e-09 3.392577e-08 2.352707e-08
       -433 2.318510e-09 4.022105e-09 3.750849e-08 2.348258e-08
       -432 3.451695e-09 3.525053e-09 3.823002e-08 2.364609e-08
       -431 4.962168e-09 4.618710e-09 3.502508e-08 2.361624e-08
       -430 2.875454e-09 4.253097e-09 3.157954e-08 1.995192e-08
       -429 1.903117e-09 4.223613e-09 3.167655e-08 1.731396e-08
       -428 2.993475e-09 4.072672e-09 3.446078e-08 1.974873e-08
       -427 2.497818e-09 3.979268e-09 3.254740e-08 2.295246e-08
       -426 1.500270e-09 6.597002e-09 2.926047e-08 2.341226e-08
       -425 2.332420e-09 5.661029e-09 2.809903e-08 2.015308e-08
       -424 2.949093e-09 1.715515e-09 3.202405e-08 1.789972e-08
       -423 1.937952e-09 3.143527e-09 3.440329e-08 1.970231e-08
       -422 1.312201e-09 5.352029e-09 3.057501e-08 2.207663e-08
       -421 2.688389e-09 4.494207e-09 2.559903e-08 2.073854e-08
       -420 3.369195e-09 4.563119e-09 2.593722e-08 1.925683e-08
       -419 2.978662e-09 4.666619e-09 3.019800e-08 1.872085e-08
       -418 4.355555e-09 3.875707e-09 3.008559e-08 1.874674e-08
       -417 4.632600e-09 3.914780e-09 2.637282e-08 1.763096e-08
       -416 2.525768e-09 4.569736e-09 2.362476e-08 1.426273e-08
       -415 2.774863e-09 4.714052e-09 2.539604e-08 1.344967e-08
       -414 3.892389e-09 4.214011e-09 2.591161e-08 1.543970e-08
       -413 2.378032e-09 6.403515e-09 2.251247e-08 1.739149e-08
       -412 1.858009e-09 8.155625e-09 2.044283e-08 1.775429e-08
       -411 3.632855e-09 4.005693e-09 2.159286e-08 1.490469e-08
       -410 3.109795e-09 1.955372e-09 2.511485e-08 1.418428e-08
       -409 1.374298e-09 5.299755e-09 2.382260e-08 1.622274e-08
       -408 2.944396e-09 5.984042e-09 1.963466e-08 1.739726e-08
       -407 4.373005e-09 4.517924e-09 1.774236e-08 1.592997e-08
       -406 2.844234e-09 4.035575e-09 2.029907e-08 1.389543e-08
       -405 3.712138e-09 3.472605e-09 2.207827e-08 1.308283e-08
       -404 5.898991e-09 4.114664e-09 2.044584e-08 1.323420e-08
       -403 4.087590e-09 5.480507e-09 1.802640e-08 1.142011e-08
       -402 3.000900e-09 5.029745e-09 1.805536e-08 1.005768e-08
       -401 4.663810e-09 4.499998e-09 1.844740e-08 1.060128e-08
       -400 3.602941e-09 7.482904e-09 1.587540e-08 1.221917e-08
       -399 2.499131e-09 9.449750e-09 1.450068e-08 1.412335e-08
       -398 4.551882e-09 4.858122e-09 1.533848e-08 1.234849e-08
       -397 4.043446e-09 2.322254e-09 1.811464e-08 1.053941e-08
       -396 1.913422e-09 5.879663e-09 1.657271e-08 1.102856e-08
       -395 3.930420e-09 6.596245e-09 1.349024e-08 1.352347e-08
       -394 5.371194e-09 4.749538e-09 1.239953e-08 1.326724e-08
       -393 3.507304e-09 4.415461e-09 1.460967e-08 1.078513e-08
       -392 4.849613e-09 3.918870e-09 1.580168e-08 9.385271e-09
       -391 6.815497e-09 5.048197e-09 1.579689e-08 9.902988e-09
       -390 4.556390e-09 6.593585e-09 1.485630e-08 9.447182e-09
       -389 4.383975e-09 4.989999e-09 1.465593e-08 8.482345e-09
       -388 5.911279e-09 5.643834e-09 1.394024e-08 8.893548e-09
       -387 4.026467e-09 1.044515e-08 1.313931e-08 1.164801e-08
       -386 4.053038e-09 9.600422e-09 1.299992e-08 1.295201e-08
       -385 5.982296e-09 3.619483e-09 1.341484e-08 9.866366e-09
       -384 3.925469e-09 4.038738e-09 1.386722e-08 8.394901e-09
       -383 3.212832e-09 7.301601e-09 1.253186e-08 1.052652e-08
       -382 6.083403e-09 6.053540e-09 1.152169e-08 1.309375e-08
       -381 5.597400e-09 5.251309e-09 1.145429e-08 1.019382e-08
       -380 4.683187e-09 5.250471e-09 1.392489e-08 9.198107e-09
       -379 7.208441e-09 4.893610e-09 1.706942e-08 1.064426e-08
       -378 6.954424e-09 6.950859e-09 1.850205e-08 1.155992e-08
       -377 5.573631e-09 6.478120e-09 1.620029e-08 9.627374e-09
       -376 7.070931e-09 5.106731e-09 1.551628e-08 9.732450e-09
       -375 6.123750e-09 1.021350e-08 1.657307e-08 1.283109e-08
       -374 4.813819e-09 1.222516e-08 1.699259e-08 1.485994e-08
       -373 6.454627e-09 5.790617e-09 1.520763e-08 1.180659e-08
       -372 5.271515e-09 3.887640e-09 1.500981e-08 1.085186e-08
       -371 4.067747e-09 7.016853e-09 1.534702e-08 1.279502e-08
       -370 6.891463e-09 6.898095e-09 1.571798e-08 1.560101e-08
       -369 7.119979e-09 6.487634e-09 1.542406e-08 1.230935e-08
       -368 5.682640e-09 6.110887e-09 1.850450e-08 1.222515e-08
       -367 7.902654e-09 5.508188e-09 2.362003e-08 1.465602e-08
       -366 8.755202e-09 7.851994e-09 2.673245e-08 1.676745e-08
       -365 7.676294e-09 7.137598e-09 2.458093e-08 1.584998e-08
       -364 8.373537e-09 6.142888e-09 2.407409e-08 1.547799e-08
       -363 7.462877e-09 1.240793e-08 2.568996e-08 1.759486e-08
       -362 6.452417e-09 1.347700e-08 2.583490e-08 1.879644e-08
       -361 7.165614e-09 6.138003e-09 2.545953e-08 1.900509e-08
       -360 5.604019e-09 4.838658e-09 2.526880e-08 1.946178e-08
       -359 5.899333e-09 7.809986e-09 2.455930e-08 1.994968e-08
       -358 8.978293e-09 8.325235e-09 2.431652e-08 2.015236e-08
       -357 8.176379e-09 7.947684e-09 2.688656e-08 1.924099e-08
       -356 7.555384e-09 6.763302e-09 3.329409e-08 2.198544e-08
       -355 1.057486e-08 7.772396e-09 3.823013e-08 2.276128e-08
       -354 1.077552e-08 9.195320e-09 3.943071e-08 2.379487e-08
       -353 9.323982e-09 6.747264e-09 3.834517e-08 2.406773e-08
       -352 9.287025e-09 1.000716e-08 4.115435e-08 2.637253e-08
       -351 8.795611e-09 1.635231e-08 4.128455e-08 2.750471e-08
       -350 8.443845e-09 1.157038e-08 3.970748e-08 2.743655e-08
       -349 7.113173e-09 5.258023e-09 4.027626e-08 2.935039e-08
       -348 6.480451e-09 7.765531e-09 4.072539e-08 3.017594e-08
       -347 9.400203e-09 1.059135e-08 4.170387e-08 3.159417e-08
       -346 1.058872e-08 9.967318e-09 4.264451e-08 3.050346e-08
       -345 9.309788e-09 8.155539e-09 4.919172e-08 3.207985e-08
       -344 1.198339e-08 8.242631e-09 5.683899e-08 3.311445e-08
       -343 1.370882e-08 1.044389e-08 6.324742e-08 3.559932e-08
       -342 1.121397e-08 8.718300e-09 6.237602e-08 3.621530e-08
       -341 1.017669e-08 1.103501e-08 6.155779e-08 3.749453e-08
       -340 1.089668e-08 1.886112e-08 6.059842e-08 3.978538e-08
       -339 1.034410e-08 1.562699e-08 6.025037e-08 4.237160e-08
       -338 7.893476e-09 6.974647e-09 6.293300e-08 4.547911e-08
       -337 7.215929e-09 9.015057e-09 6.264989e-08 4.419839e-08
       -336 1.016419e-08 1.350864e-08 6.389928e-08 4.478958e-08
       -335 1.249141e-08 1.177965e-08 6.734736e-08 4.634616e-08
       -334 1.228684e-08 8.619481e-09 7.733991e-08 4.964441e-08
       -333 1.462487e-08 9.549831e-09 8.570392e-08 5.012657e-08
       -332 1.561801e-08 1.210853e-08 9.172458e-08 5.177544e-08
       -331 1.220252e-08 1.026819e-08 9.004881e-08 5.090887e-08
       -330 1.092996e-08 1.396018e-08 8.964929e-08 5.303910e-08
       -329 1.247860e-08 2.115177e-08 8.792236e-08 5.549143e-08
       -328 1.110370e-08 1.541401e-08 8.715947e-08 5.916516e-08
       -327 7.835434e-09 8.280908e-09 8.751714e-08 6.050620e-08
       -326 9.143121e-09 1.275533e-08 8.860384e-08 5.991127e-08
       -325 1.321337e-08 1.592913e-08 9.434994e-08 6.379984e-08
       -324 1.531560e-08 1.130198e-08 1.023271e-07 6.731400e-08
       -323 1.625109e-08 8.389908e-09 1.119676e-07 6.856666e-08
       -322 1.846786e-08 1.188741e-08 1.204207e-07 6.958830e-08
       -321 1.603669e-08 1.305112e-08 1.273299e-07 7.212297e-08
       -320 1.142353e-08 1.237873e-08 1.250783e-07 7.081972e-08
       -319 1.214290e-08 1.875079e-08 1.212671e-07 7.137086e-08
       -318 1.313394e-08 2.034568e-08 1.148967e-07 7.308004e-08
       -317 9.535672e-09 1.168883e-08 1.158572e-07 7.763383e-08
       -316 9.049713e-09 1.145818e-08 1.171884e-07 7.569277e-08
       -315 1.362463e-08 1.779985e-08 1.227997e-07 7.793203e-08
       -314 1.773226e-08 1.455578e-08 1.289203e-07 8.230724e-08
       -313 1.878094e-08 8.670422e-09 1.387943e-07 8.606936e-08
       -312 2.085486e-08 1.215979e-08 1.488070e-07 8.878578e-08
       -311 1.896166e-08 1.596566e-08 1.609922e-07 9.227365e-08
       -310 1.245711e-08 1.373554e-08 1.588887e-07 8.942484e-08
       -309 1.188106e-08 1.806273e-08 1.514536e-07 8.817590e-08
       -308 1.438595e-08 2.195311e-08 1.418734e-07 9.084722e-08
       -307 1.073288e-08 1.400978e-08 1.415468e-07 9.633130e-08
       -306 9.316167e-09 1.171270e-08 1.433721e-07 9.153605e-08
       -305 1.454370e-08 1.820561e-08 1.484199e-07 9.046900e-08
       -304 1.953795e-08 1.471033e-08 1.571428e-07 9.783834e-08
       -303 2.141176e-08 8.745046e-09 1.695060e-07 1.057900e-07
       -302 2.371142e-08 1.523501e-08 1.799978e-07 1.084650e-07
       -301 2.084200e-08 1.965102e-08 1.879260e-07 1.063046e-07
       -300 1.338326e-08 1.536730e-08 1.837581e-07 1.025575e-07
       -299 1.295486e-08 1.840454e-08 1.791018e-07 1.062819e-07
       -298 1.489594e-08 2.089158e-08 1.690798e-07 1.115091e-07
       -297 1.032577e-08 1.294875e-08 1.630354e-07 1.094040e-07
       -296 1.026919e-08 1.321098e-08 1.628342e-07 1.006510e-07
       -295 1.707482e-08 1.798365e-08 1.738497e-07 1.073545e-07
       -294 2.166484e-08 1.162867e-08 1.901052e-07 1.215649e-07
       -293 2.460703e-08 1.171745e-08 1.976054e-07 1.253185e-07
       -292 2.733248e-08 2.264024e-08 2.012678e-07 1.195103e-07
       -291 2.143923e-08 2.139222e-08 2.015727e-07 1.118884e-07
       -290 1.359250e-08 1.482090e-08 2.031396e-07 1.170166e-07
       -289 1.443433e-08 1.818205e-08 1.995417e-07 1.273196e-07
       -288 1.407360e-08 1.684126e-08 1.815844e-07 1.248478e-07
       -287 9.891097e-09 1.133492e-08 1.704843e-07 1.096033e-07
       -286 1.350042e-08 1.518921e-08 1.793362e-07 1.124506e-07
       -285 2.010126e-08 1.515346e-08 2.072297e-07 1.376177e-07
       -284 2.431263e-08 1.289098e-08 2.170241e-07 1.446424e-07
       -283 3.199282e-08 2.393459e-08 2.087435e-07 1.313426e-07
       -282 3.134595e-08 2.721942e-08 2.048370e-07 1.183198e-07
       -281 1.909034e-08 1.529318e-08 2.146258e-07 1.280999e-07
       -280 1.535592e-08 1.445360e-08 2.212625e-07 1.453809e-07
       -279 1.660153e-08 1.750284e-08 1.954950e-07 1.370945e-07
       -278 1.258923e-08 1.160424e-08 1.727659e-07 1.132823e-07
       -277 1.368752e-08 1.439554e-08 1.803079e-07 1.157852e-07
       -276 1.799757e-08 1.886218e-08 2.160359e-07 1.507419e-07
       -275 2.389492e-08 1.838272e-08 2.238553e-07 1.569130e-07
       -274 3.781975e-08 2.923235e-08 2.043206e-07 1.323083e-07
       -273 3.915448e-08 3.105211e-08 1.953384e-07 1.144804e-07
       -272 2.415474e-08 1.649843e-08 2.153936e-07 1.354036e-07
       -271 1.995016e-08 1.652038e-08 2.281361e-07 1.596346e-07
       -270 2.058484e-08 1.868789e-08 1.951011e-07 1.412766e-07
       -269 1.520833e-08 1.193062e-08 1.677940e-07 1.109593e-07
       -268 1.481459e-08 1.788739e-08 1.857072e-07 1.286427e-07
       -267 1.870740e-08 2.416356e-08 2.303067e-07 1.714573e-07
       -266 3.317297e-08 2.809758e-08 2.213001e-07 1.584999e-07
       -265 5.050693e-08 3.787632e-08 1.842321e-07 1.152959e-07
       -264 4.189216e-08 2.984726e-08 1.804770e-07 1.077396e-07
       -263 2.716673e-08 1.780962e-08 2.227755e-07 1.520661e-07
       -262 2.840752e-08 2.184569e-08 2.212770e-07 1.622769e-07
       -261 2.474910e-08 1.911132e-08 1.717936e-07 1.217878e-07
       -260 1.754950e-08 1.718496e-08 1.568236e-07 1.083796e-07
       -259 1.917441e-08 2.667605e-08 2.080192e-07 1.607150e-07
       -258 3.271074e-08 3.453604e-08 2.362724e-07 1.785460e-07
       -257 5.559136e-08 4.372092e-08 1.891292e-07 1.285643e-07
       -256 5.675642e-08 4.021423e-08 1.562335e-07 9.488186e-08
       -255 3.851401e-08 2.427061e-08 1.955421e-07 1.315759e-07
       -254 3.633503e-08 2.356327e-08 2.268556e-07 1.639510e-07
       -253 3.551578e-08 2.574423e-08 1.832195e-07 1.296278e-07
       -252 2.389595e-08 2.239082e-08 1.489132e-07 1.008226e-07
       -251 2.309965e-08 3.096336e-08 1.833907e-07 1.423128e-07
       -250 3.916980e-08 4.346691e-08 2.252951e-07 1.724309e-07
       -249 6.247399e-08 5.165445e-08 1.855612e-07 1.295311e-07
       -248 6.553178e-08 4.624581e-08 1.421901e-07 9.020133e-08
       -247 4.797500e-08 2.939516e-08 1.707270e-07 1.157153e-07
       -246 4.581390e-08 2.701914e-08 2.075056e-07 1.500720e-07
       -245 4.634420e-08 3.176951e-08 1.789936e-07 1.248388e-07
       -244 3.227234e-08 2.973530e-08 1.499264e-07 9.936884e-08
       -243 3.237747e-08 3.996396e-08 1.720752e-07 1.315291e-07
       -242 5.295243e-08 5.574408e-08 2.034057e-07 1.528387e-07
       -241 7.001864e-08 5.897438e-08 1.702463e-07 1.176274e-07
       -240 6.550054e-08 4.650721e-08 1.368155e-07 8.679292e-08
       -239 5.361229e-08 3.152427e-08 1.599633e-07 1.069555e-07
       -238 5.621988e-08 3.098973e-08 1.810482e-07 1.312485e-07
       -237 5.225534e-08 3.565137e-08 1.608909e-07 1.090158e-07
       -236 4.151552e-08 3.742525e-08 1.456698e-07 9.506003e-08
       -235 5.466033e-08 5.402226e-08 1.635392e-07 1.179889e-07
       -234 7.342260e-08 6.958584e-08 1.745977e-07 1.214372e-07
       -233 7.014500e-08 6.193164e-08 1.407616e-07 9.326260e-08
       -232 5.933443e-08 4.198450e-08 1.239068e-07 7.577606e-08
       -231 6.056469e-08 3.273346e-08 1.458482e-07 1.001985e-07
       -230 6.178524e-08 3.656497e-08 1.532615e-07 1.112143e-07
       -229 5.370055e-08 4.135731e-08 1.412474e-07 8.994326e-08
       -228 6.387913e-08 5.084776e-08 1.345152e-07 8.726963e-08
       -227 8.522372e-08 7.156311e-08 1.507583e-07 9.833649e-08
       -226 7.769793e-08 7.547122e-08 1.441347e-07 9.255697e-08
       -225 6.030731e-08 5.368146e-08 1.133111e-07 6.957212e-08
       -224 6.195233e-08 3.730904e-08 1.106881e-07 7.147688e-08
       -223 6.328850e-08 3.676601e-08 1.235873e-07 9.367332e-08
       -222 6.069562e-08 4.393506e-08 1.288230e-07 8.487804e-08
       -221 8.096777e-08 5.509003e-08 1.192138e-07 7.432590e-08
       -220 1.014304e-07 7.123137e-08 1.156904e-07 7.310702e-08
       -219 8.170991e-08 7.740390e-08 1.241089e-07 7.566469e-08
       -218 5.893255e-08 6.169943e-08 1.070518e-07 6.426276e-08
       -217 6.335394e-08 4.293603e-08 9.558025e-08 5.980264e-08
       -216 6.227371e-08 3.752101e-08 9.661469e-08 7.489620e-08
       -215 6.644314e-08 4.392043e-08 1.076534e-07 7.180103e-08
       -214 1.041674e-07 5.949841e-08 1.075208e-07 7.262306e-08
       -213 1.179755e-07 7.269366e-08 9.329239e-08 6.526114e-08
       -212 7.648744e-08 7.401606e-08 9.962958e-08 5.967677e-08
       -211 5.832617e-08 6.399411e-08 9.393150e-08 5.274324e-08
       -210 7.294232e-08 4.697371e-08 8.689832e-08 5.645885e-08
       -209 6.359433e-08 3.900622e-08 7.719715e-08 6.331776e-08
       -208 8.095822e-08 4.802709e-08 8.566668e-08 5.883268e-08
       -207 1.368737e-07 6.377651e-08 9.058066e-08 7.194070e-08
       -206 1.182943e-07 7.800929e-08 8.001942e-08 5.986266e-08
       -205 5.705292e-08 8.323294e-08 8.517949e-08 4.830920e-08
       -204 7.023645e-08 6.678816e-08 7.956488e-08 4.468954e-08
       -203 8.303891e-08 4.883247e-08 7.938512e-08 5.980033e-08
       -202 6.539088e-08 5.408942e-08 6.335787e-08 5.155710e-08
       -201 1.223345e-07 6.344312e-08 7.298382e-08 5.455045e-08
       -200 1.611807e-07 7.077475e-08 7.185729e-08 6.855152e-08
       -199 8.769428e-08 9.183132e-08 7.680818e-08 5.014774e-08
       -198 6.318209e-08 9.246784e-08 7.132729e-08 3.726954e-08
       -197 9.881272e-08 6.532201e-08 7.577139e-08 4.674330e-08
       -196 7.582474e-08 6.744689e-08 7.254811e-08 5.526039e-08
       -195 1.014282e-07 8.465086e-08 6.691079e-08 4.608176e-08
       -194 1.697315e-07 7.943040e-08 6.673810e-08 6.891452e-08
       -193 1.198322e-07 8.976723e-08 6.950312e-08 6.198422e-08
       -192 7.001350e-08 1.053566e-07 7.764744e-08 4.397598e-08
       -191 1.034166e-07 8.310216e-08 8.444584e-08 4.206753e-08
       -190 8.638015e-08 8.210915e-08 9.066908e-08 5.197962e-08
       -189 9.345293e-08 1.090950e-07 8.146931e-08 4.934704e-08
       -188 1.609642e-07 1.047970e-07 7.524927e-08 7.229806e-08
       -187 1.314210e-07 1.019833e-07 7.008104e-08 7.061071e-08
       -186 8.432163e-08 1.100037e-07 8.542040e-08 5.263550e-08
       -185 1.073679e-07 8.827394e-08 1.110802e-07 5.104247e-08
       -184 9.128659e-08 9.735627e-08 1.280232e-07 6.038559e-08
       -183 9.867844e-08 1.337709e-07 1.132596e-07 6.008140e-08
       -182 1.525726e-07 1.314017e-07 9.748310e-08 7.911722e-08
       -181 1.261123e-07 1.193839e-07 8.890170e-08 7.745319e-08
       -180 9.828822e-08 1.047169e-07 1.095830e-07 6.610450e-08
       -179 1.158829e-07 8.377905e-08 1.481073e-07 6.800623e-08
       -178 9.381818e-08 1.203714e-07 1.756308e-07 8.163270e-08
       -177 1.098145e-07 1.659023e-07 1.584065e-07 7.894540e-08
       -176 1.497388e-07 1.575952e-07 1.298496e-07 8.378722e-08
       -175 1.214076e-07 1.250208e-07 1.184959e-07 8.445721e-08
       -174 1.123168e-07 8.583567e-08 1.486078e-07 8.345366e-08
       -173 1.136431e-07 8.904163e-08 2.091487e-07 9.480095e-08
       -172 8.931303e-08 1.615661e-07 2.441095e-07 1.141232e-07
       -171 1.187537e-07 2.068533e-07 2.084709e-07 9.812119e-08
       -170 1.430424e-07 1.729429e-07 1.578803e-07 9.269968e-08
       -169 1.242713e-07 1.033346e-07 1.573248e-07 1.033816e-07
       -168 1.177533e-07 7.054406e-08 2.336966e-07 1.171356e-07
       -167 9.438151e-08 1.296858e-07 3.246381e-07 1.529558e-07
       -166 8.542801e-08 2.202259e-07 3.064443e-07 1.509795e-07
       -165 1.289171e-07 2.233709e-07 2.174364e-07 1.068483e-07
       -164 1.512893e-07 1.315879e-07 1.897323e-07 1.159364e-07
       -163 1.309152e-07 6.356856e-08 2.711351e-07 1.506317e-07
       -162 9.820446e-08 1.100853e-07 3.943159e-07 2.034168e-07
       -161 9.538758e-08 2.156168e-07 3.963967e-07 2.077446e-07
       -160 1.423373e-07 2.522625e-07 2.763493e-07 1.353850e-07
       -159 1.866110e-07 1.717597e-07 2.368909e-07 1.252576e-07
       -158 1.739836e-07 8.122291e-08 3.453846e-07 1.942390e-07
       -157 1.276125e-07 1.098565e-07 4.697935e-07 2.729609e-07
       -156 1.235396e-07 2.102278e-07 4.533651e-07 2.611322e-07
       -155 1.864304e-07 2.582570e-07 3.212387e-07 1.639129e-07
       -154 2.471104e-07 2.009797e-07 3.054658e-07 1.545102e-07
       -153 2.372002e-07 1.170200e-07 4.758062e-07 2.659013e-07
       -152 1.788808e-07 1.431441e-07 5.573833e-07 3.636564e-07
       -151 1.627270e-07 2.443486e-07 4.710504e-07 3.094923e-07
       -150 2.463079e-07 2.892117e-07 3.323661e-07 1.951105e-07
       -149 3.420521e-07 2.384631e-07 4.218282e-07 2.143415e-07
       -148 3.287749e-07 1.788209e-07 6.746898e-07 3.741204e-07
       -147 2.363769e-07 2.166907e-07 6.424677e-07 4.495394e-07
       -146 2.108917e-07 3.001116e-07 4.178574e-07 3.307914e-07
       -145 3.445837e-07 3.272811e-07 3.336049e-07 2.360218e-07
       -144 4.841240e-07 2.951734e-07 6.645023e-07 3.325486e-07
       -143 4.403180e-07 2.741421e-07 9.085952e-07 5.217047e-07
       -142 2.925104e-07 2.993542e-07 5.991013e-07 4.851649e-07
       -141 2.994029e-07 3.442074e-07 3.085753e-07 3.277120e-07
       -140 5.405637e-07 3.893874e-07 5.116185e-07 3.320362e-07
       -139 6.929477e-07 4.042343e-07 1.084229e-06 5.263158e-07
       -138 5.289032e-07 3.671543e-07 9.431089e-07 6.111988e-07
       -137 3.495303e-07 3.524407e-07 3.984565e-07 4.328041e-07
       -136 5.193236e-07 4.379334e-07 3.801983e-07 3.773814e-07
       -135 8.555637e-07 5.476572e-07 1.035635e-06 5.336735e-07
       -134 8.471803e-07 5.093146e-07 1.318217e-06 7.020470e-07
       -133 5.443542e-07 3.953558e-07 6.673156e-07 5.647362e-07
       -132 5.276719e-07 4.672027e-07 4.057686e-07 4.622480e-07
       -131 9.018353e-07 6.747521e-07 9.101059e-07 5.810657e-07
       -130 1.093058e-06 6.827152e-07 1.533009e-06 7.619353e-07
       -129 8.403703e-07 5.071318e-07 1.037992e-06 6.828622e-07
       -128 6.421167e-07 5.426507e-07 6.043671e-07 5.709066e-07
       -127 9.092822e-07 8.026116e-07 8.822271e-07 6.709789e-07
       -126 1.227613e-06 8.525574e-07 1.608054e-06 8.258466e-07
       -125 1.112822e-06 6.464387e-07 1.376096e-06 7.722687e-07
       -124 8.688353e-07 6.461869e-07 9.189197e-07 6.866101e-07
       -123 9.965016e-07 9.244254e-07 9.991288e-07 7.808413e-07
       -122 1.311336e-06 1.016363e-06 1.664849e-06 9.065861e-07
       -121 1.337773e-06 8.118802e-07 1.639842e-06 8.596648e-07
       -120 1.109597e-06 7.810706e-07 1.265533e-06 8.035335e-07
       -119 1.071820e-06 1.064780e-06 1.246032e-06 8.890194e-07
       -118 1.341515e-06 1.169646e-06 1.807786e-06 9.900701e-07
       -117 1.512184e-06 9.722798e-07 1.883112e-06 9.713183e-07
       -116 1.239360e-06 9.336182e-07 1.578818e-06 9.509143e-07
       -115 1.021052e-06 1.198367e-06 1.532248e-06 1.008950e-06
       -114 1.367657e-06 1.286316e-06 2.021959e-06 1.090932e-06
       -113 1.610440e-06 1.089493e-06 2.125824e-06 1.129673e-06
       -112 1.071157e-06 1.028444e-06 1.867139e-06 1.133137e-06
       -111 8.731555e-07 1.341906e-06 1.871198e-06 1.139974e-06
       -110 1.529241e-06 1.449914e-06 2.273233e-06 1.231563e-06
       -109 1.466072e-06 1.115860e-06 2.354540e-06 1.298287e-06
       -108 7.692623e-07 1.201506e-06 2.182313e-06 1.247960e-06
       -107 1.155336e-06 1.674448e-06 2.206693e-06 1.295633e-06
       -106 1.660391e-06 1.475443e-06 2.515551e-06 1.459525e-06
       -105 1.008012e-06 1.248087e-06 2.654235e-06 1.414314e-06
       -104 9.547144e-07 1.746911e-06 2.512053e-06 1.357140e-06
       -103 1.682268e-06 1.819364e-06 2.538243e-06 1.568451e-06
       -102 1.384388e-06 1.558323e-06 2.884350e-06 1.609049e-06
       -101 9.681261e-07 1.825465e-06 2.954398e-06 1.485422e-06
       -100 1.638149e-06 1.925030e-06 2.866435e-06 1.724789e-06
        -99 1.770179e-06 1.806201e-06 3.033572e-06 1.856939e-06
        -98 1.190025e-06 1.921611e-06 3.178572e-06 1.702001e-06
        -97 1.766819e-06 1.874524e-06 3.291985e-06 1.915436e-06
        -96 2.268079e-06 1.871343e-06 3.411818e-06 2.088817e-06
        -95 1.604024e-06 1.999476e-06 3.464179e-06 1.962708e-06
        -94 2.070455e-06 1.792369e-06 3.665418e-06 2.211692e-06
        -93 2.859794e-06 1.823354e-06 3.902059e-06 2.398406e-06
        -92 2.253249e-06 2.110844e-06 3.904269e-06 2.268573e-06
        -91 2.568479e-06 1.796637e-06 4.058804e-06 2.562927e-06
        -90 3.335794e-06 1.694853e-06 4.312268e-06 2.732904e-06
        -89 2.819203e-06 2.062812e-06 4.286985e-06 2.638931e-06
        -88 2.999536e-06 1.689355e-06 4.436315e-06 2.908947e-06
        -87 3.521807e-06 1.456831e-06 4.629429e-06 3.002232e-06
        -86 3.143971e-06 1.826542e-06 4.633439e-06 3.057836e-06
        -85 3.225943e-06 1.462847e-06 4.736042e-06 3.172826e-06
        -84 3.502700e-06 1.273348e-06 4.943577e-06 3.238346e-06
        -83 3.314563e-06 1.674322e-06 4.988899e-06 3.359245e-06
        -82 3.337045e-06 1.501800e-06 5.095964e-06 3.186401e-06
        -81 3.414990e-06 1.529312e-06 5.451389e-06 3.422012e-06
        -80 3.223159e-06 1.811904e-06 5.182859e-06 3.456508e-06
        -79 3.034501e-06 1.728035e-06 5.594924e-06 3.199163e-06
        -78 2.992554e-06 1.928172e-06 5.544279e-06 3.577783e-06
        -77 2.601929e-06 1.999804e-06 5.593475e-06 3.345663e-06
        -76 2.310074e-06 1.951208e-06 5.869193e-06 3.297288e-06
        -75 2.440765e-06 2.167842e-06 5.348249e-06 3.679851e-06
        -74 2.242467e-06 2.030749e-06 6.102988e-06 3.098617e-06
        -73 2.168143e-06 2.082111e-06 5.275307e-06 3.519266e-06
        -72 2.480236e-06 2.222334e-06 6.181489e-06 3.383039e-06
        -71 2.474475e-06 2.034432e-06 5.140897e-06 2.986041e-06
        -70 2.633498e-06 2.197609e-06 5.972517e-06 3.680710e-06
        -69 2.859833e-06 2.336762e-06 5.485740e-06 2.904643e-06
        -68 2.833337e-06 2.304603e-06 5.675254e-06 3.891486e-06
        -67 3.100776e-06 2.536344e-06 5.831473e-06 3.194696e-06
        -66 3.207788e-06 2.662466e-06 5.435704e-06 3.927443e-06
        -65 3.288912e-06 2.728669e-06 6.221402e-06 3.669654e-06
        -64 3.602778e-06 2.873231e-06 5.379864e-06 3.946897e-06
        -63 3.693993e-06 2.859144e-06 6.372142e-06 4.102428e-06
        -62 3.838741e-06 2.881970e-06 5.517548e-06 4.199570e-06
        -61 3.926715e-06 2.948792e-06 6.456652e-06 4.486827e-06
        -60 3.878253e-06 2.863580e-06 5.835783e-06 4.576929e-06
        -59 3.915829e-06 2.775908e-06 6.560326e-06 4.868524e-06
        -58 3.769171e-06 2.639463e-06 6.434506e-06 5.058081e-06
        -57 3.710282e-06 2.436216e-06 7.110666e-06 5.273097e-06
        -56 3.890748e-06 2.319656e-06 7.441286e-06 5.306129e-06
        -55 4.048591e-06 2.498933e-06 8.247898e-06 5.388113e-06
        -54 4.469890e-06 2.864676e-06 8.775344e-06 5.258821e-06
        -53 5.054319e-06 3.414011e-06 9.385018e-06 5.178174e-06
        -52 5.786402e-06 4.186253e-06 9.865442e-06 4.875433e-06
        -51 6.808232e-06 5.218050e-06 1.063967e-05 4.857587e-06
        -50 8.120220e-06 6.485534e-06 1.127548e-05 4.830877e-06
        -49 1.000081e-05 7.874992e-06 1.198148e-05 4.850497e-06
        -48 1.248126e-05 9.275358e-06 1.227926e-05 4.918399e-06
        -47 1.534861e-05 1.057817e-05 1.206440e-05 5.296530e-06
        -46 1.840416e-05 1.157794e-05 1.103072e-05 5.689762e-06
        -45 2.109597e-05 1.203898e-05 9.251809e-06 5.969087e-06
        -44 2.316448e-05 1.183081e-05 7.688523e-06 5.961402e-06
        -43 2.427531e-05 1.090807e-05 6.876644e-06 5.611245e-06
        -42 2.414009e-05 9.648430e-06 5.963311e-06 4.942255e-06
        -41 2.331791e-05 8.666321e-06 4.979213e-06 4.201791e-06
        -40 2.191048e-05 7.836819e-06 4.127000e-06 3.543470e-06
        -39 2.002771e-05 6.982264e-06 4.406274e-06 3.288830e-06
        -38 1.863841e-05 6.820877e-06 5.735771e-06 3.576580e-06
        -37 1.831264e-05 7.818738e-06 7.738222e-06 4.561742e-06
        -36 1.915537e-05 9.482838e-06 1.018337e-05 6.253741e-06
        -35 2.079293e-05 1.112079e-05 1.299080e-05 8.231805e-06
        -34 2.220494e-05 1.268753e-05 1.629596e-05 1.010776e-05
        -33 2.236150e-05 1.436500e-05 2.006543e-05 1.173837e-05
        -32 2.011537e-05 1.589660e-05 2.304918e-05 1.270720e-05
        -31 1.591553e-05 1.695783e-05 2.407632e-05 1.225138e-05
        -30 1.325971e-05 1.795419e-05 2.361504e-05 1.020679e-05
        -29 1.425213e-05 1.965786e-05 2.407806e-05 8.363361e-06
        -28 1.739380e-05 2.247312e-05 2.448006e-05 7.939694e-06
        -27 2.155765e-05 2.673069e-05 2.365633e-05 7.700318e-06
        -26 2.578762e-05 3.291048e-05 2.485304e-05 7.730850e-06
        -25 2.858815e-05 4.201547e-05 2.823376e-05 8.199029e-06
        -24 3.041595e-05 5.368260e-05 2.935873e-05 8.367292e-06
        -23 3.046357e-05 6.325261e-05 2.496996e-05 9.450535e-06
        -22 2.702859e-05 6.824030e-05 1.885038e-05 1.123528e-05
        -21 2.517546e-05 7.982885e-05 1.725352e-05 1.420058e-05
        -20 3.187410e-05 1.152485e-04 1.985912e-05 2.027557e-05
        -19 4.938289e-05 1.752370e-04 2.460636e-05 3.461845e-05
        -18 7.565784e-05 2.345859e-04 3.477635e-05 6.241971e-05
        -17 9.995892e-05 2.608805e-04 4.817166e-05 9.801381e-05
        -16 1.181658e-04 2.753752e-04 5.506946e-05 1.129931e-04
        -15 1.625420e-04 3.288611e-04 5.163240e-05 8.864792e-05
        -14 2.474425e-04 3.563179e-04 5.623736e-05 5.106821e-05
        -13 2.864329e-04 2.552842e-04 8.907128e-05 5.936068e-05
        -12 2.146144e-04 1.278126e-04 1.100844e-04 9.122431e-05
        -11 1.259768e-04 1.332873e-04 6.333021e-05 7.517866e-05
        -10 5.800035e-05 1.872674e-04 4.223898e-05 4.816993e-05
         -9 6.624325e-05 3.075989e-04 6.361111e-05 8.541733e-05
         -8 1.561940e-04 6.700801e-04 1.061214e-04 1.150394e-04
         -7 4.303734e-04 1.367433e-03 1.415273e-04 8.512349e-05
         -6 1.764244e-03 2.666119e-03 6.267861e-04 2.810254e-04
         -5 3.687488e-03 4.034047e-03 6.885821e-04 6.829589e-04
         -4 2.837314e-03 3.987384e-03 1.495529e-03 1.963523e-03
         -3 9.534030e-04 5.236547e-03 2.050453e-03 2.641354e-03
         -2 8.883876e-03 1.509026e-02 2.139968e-03 2.784146e-03
         -1 2.815710e-02 3.174889e-02 2.198211e-02 2.063180e-02
          0 3.926913e-02 3.926913e-02 3.926913e-02 3.926913e-02
          1 2.825207e-02 2.888243e-02 2.016391e-02 2.299728e-02
          2 9.163082e-03 1.284215e-02 1.977277e-03 3.428641e-03
          3 8.876862e-04 5.247999e-03 1.320788e-03 2.318747e-03
          4 1.873641e-03 4.584731e-03 9.913805e-04 2.413611e-03
          5 2.303911e-03 3.798912e-03 3.451804e-04 1.089073e-03
          6 8.754244e-04 2.112711e-03 1.602972e-04 4.098816e-04
          7 2.572823e-04 1.267997e-03 7.822242e-05 1.087314e-04
          8 2.959742e-04 9.213969e-04 1.204105e-04 9.493766e-05
          9 1.704996e-04 4.631134e-04 5.383060e-05 5.660027e-05
         10 9.064475e-05 1.294203e-04 2.445197e-05 3.056033e-05
         11 1.261609e-04 3.463765e-05 3.325327e-05 1.906308e-05
         12 1.322078e-04 6.234553e-05 4.214941e-05 2.633853e-05
         13 1.342782e-04 1.293731e-04 3.720052e-05 2.971397e-05
         14 1.195387e-04 1.406433e-04 4.711348e-05 4.320267e-05
         15 8.818028e-05 9.520446e-05 7.656059e-05 8.397383e-05
         16 8.352195e-05 6.693278e-05 8.782653e-05 1.066873e-04
         17 1.052213e-04 7.965050e-05 7.446269e-05 9.247442e-05
         18 1.086513e-04 9.294590e-05 5.980546e-05 5.912972e-05
         19 8.434655e-05 8.169829e-05 4.444976e-05 3.903204e-05
         20 5.543858e-05 6.165020e-05 3.174489e-05 3.267954e-05
         21 3.773726e-05 5.169085e-05 2.274788e-05 2.897801e-05
         22 3.068893e-05 5.223217e-05 1.649521e-05 2.410126e-05
         23 2.692511e-05 5.513000e-05 1.795671e-05 1.742993e-05
         24 2.359719e-05 5.773109e-05 2.272140e-05 1.200043e-05
         25 1.969998e-05 5.873175e-05 2.385409e-05 9.708781e-06
         26 1.472000e-05 5.501177e-05 2.178679e-05 9.322975e-06
         27 1.032401e-05 4.630443e-05 1.974410e-05 1.019408e-05
         28 8.466713e-06 3.545075e-05 1.909606e-05 1.091445e-05
         29 9.976872e-06 2.528209e-05 2.051241e-05 1.081754e-05
         30 1.302076e-05 1.792328e-05 2.456884e-05 1.022655e-05
         31 1.511519e-05 1.501885e-05 2.830019e-05 9.035780e-06
         32 1.626750e-05 1.625024e-05 2.917011e-05 7.634993e-06
         33 1.691549e-05 1.881111e-05 2.710793e-05 7.064193e-06
         34 1.632172e-05 2.026458e-05 2.348081e-05 7.340090e-06
         35 1.442431e-05 2.061794e-05 1.918422e-05 7.345915e-06
         36 1.240508e-05 2.039628e-05 1.495952e-05 6.955580e-06
         37 1.145907e-05 1.935526e-05 1.144039e-05 6.576114e-06
         38 1.175584e-05 1.781843e-05 8.927502e-06 6.342260e-06
         39 1.243869e-05 1.651979e-05 7.365611e-06 6.038310e-06
         40 1.280520e-05 1.544482e-05 6.762558e-06 5.690672e-06
         41 1.297079e-05 1.428686e-05 6.809508e-06 5.901357e-06
         42 1.303169e-05 1.299793e-05 7.384258e-06 6.459308e-06
         43 1.272272e-05 1.164328e-05 8.071952e-06 6.891765e-06
         44 1.188706e-05 1.035651e-05 8.946540e-06 7.224680e-06
         45 1.051815e-05 9.135935e-06 9.781394e-06 7.499511e-06
         46 8.835343e-06 7.812904e-06 1.018253e-05 7.614501e-06
         47 7.168640e-06 6.407605e-06 1.061105e-05 7.574127e-06
         48 5.662454e-06 5.063671e-06 1.089937e-05 7.304491e-06
         49 4.389644e-06 3.864257e-06 1.076076e-05 7.166706e-06
         50 3.396220e-06 2.915479e-06 1.038653e-05 6.859612e-06
         51 2.707841e-06 2.228848e-06 9.748382e-06 6.620930e-06
         52 2.245345e-06 1.746075e-06 9.155117e-06 6.202647e-06
         53 1.953802e-06 1.455314e-06 8.319340e-06 5.977618e-06
         54 1.788444e-06 1.253961e-06 7.773971e-06 5.557813e-06
         55 1.768488e-06 1.148267e-06 7.064353e-06 5.290866e-06
         56 1.911189e-06 1.182089e-06 6.997309e-06 4.929783e-06
         57 2.034392e-06 1.286477e-06 6.289901e-06 4.614218e-06
         58 2.171074e-06 1.467844e-06 6.257976e-06 4.311595e-06
         59 2.307006e-06 1.770333e-06 5.534263e-06 4.054733e-06
         60 2.519679e-06 2.033623e-06 5.853808e-06 3.961475e-06
         61 2.744014e-06 2.221952e-06 5.124272e-06 3.954501e-06
         62 2.830667e-06 2.349523e-06 5.481851e-06 3.763205e-06
         63 2.871679e-06 2.467558e-06 4.692604e-06 3.780040e-06
         64 2.923096e-06 2.488543e-06 5.117523e-06 3.572176e-06
         65 2.823633e-06 2.417240e-06 4.410620e-06 3.666879e-06
         66 2.732126e-06 2.344497e-06 4.498019e-06 3.428401e-06
         67 2.584813e-06 2.220567e-06 4.312851e-06 3.432816e-06
         68 2.351119e-06 2.065080e-06 3.824734e-06 3.296160e-06
         69 2.247246e-06 1.930901e-06 4.712357e-06 3.239850e-06
         70 2.042601e-06 1.725739e-06 3.349592e-06 3.198352e-06
         71 1.858531e-06 1.572468e-06 4.901545e-06 3.194986e-06
         72 1.896123e-06 1.500565e-06 3.558113e-06 3.099552e-06
         73 1.792105e-06 1.380672e-06 4.408184e-06 3.272484e-06
         74 1.716957e-06 1.264916e-06 4.249152e-06 3.072201e-06
         75 1.773209e-06 1.323560e-06 3.589399e-06 3.019729e-06
         76 1.685385e-06 1.355414e-06 5.080224e-06 3.225717e-06
         77 1.611796e-06 1.299820e-06 3.458874e-06 2.629200e-06
         78 1.658958e-06 1.566349e-06 4.660588e-06 3.109462e-06
         79 1.590612e-06 1.665024e-06 4.419727e-06 2.627030e-06
         80 1.534671e-06 1.525498e-06 3.950358e-06 2.601251e-06
         81 1.686943e-06 1.853445e-06 5.094853e-06 2.867917e-06
         82 1.673454e-06 1.862848e-06 3.857019e-06 2.372370e-06
         83 1.544167e-06 1.617176e-06 4.853870e-06 2.715789e-06
         84 1.729442e-06 2.040169e-06 4.753563e-06 2.605228e-06
         85 1.711200e-06 1.979671e-06 3.965839e-06 2.472047e-06
         86 1.509148e-06 1.636881e-06 5.168925e-06 2.609585e-06
         87 1.706170e-06 2.058475e-06 4.227532e-06 2.734449e-06
         88 1.672650e-06 1.890445e-06 4.499792e-06 2.570809e-06
         89 1.478980e-06 1.493855e-06 5.118091e-06 2.476809e-06
         90 1.740334e-06 1.899516e-06 3.855619e-06 2.893100e-06
         91 1.747947e-06 1.714958e-06 4.798552e-06 2.434229e-06
         92 1.562360e-06 1.273801e-06 4.900354e-06 2.440970e-06
         93 1.777382e-06 1.594924e-06 3.468564e-06 2.839166e-06
         94 1.755033e-06 1.618774e-06 4.556912e-06 2.262365e-06
         95 1.547270e-06 1.236338e-06 4.696786e-06 2.356485e-06
         96 1.723536e-06 1.265453e-06 3.384745e-06 2.683095e-06
         97 1.685686e-06 1.479954e-06 4.007028e-06 2.082769e-06
         98 1.466918e-06 1.295520e-06 4.223615e-06 2.107292e-06
         99 1.721794e-06 9.909415e-07 3.457876e-06 2.515794e-06
        100 1.757483e-06 1.290076e-06 3.701420e-06 2.036785e-06
        101 1.408710e-06 1.426171e-06 3.639123e-06 1.805695e-06
        102 1.702492e-06 8.693400e-07 3.202389e-06 2.152182e-06
        103 2.000796e-06 1.081400e-06 3.472352e-06 1.943246e-06
        104 1.450414e-06 1.668672e-06 3.343632e-06 1.609990e-06
        105 1.431651e-06 1.065776e-06 2.800841e-06 1.725218e-06
        106 2.047792e-06 7.712941e-07 3.014426e-06 1.691843e-06
        107 1.667000e-06 1.651228e-06 3.198120e-06 1.443297e-06
        108 1.148550e-06 1.588894e-06 2.651864e-06 1.438203e-06
        109 1.717962e-06 7.189877e-07 2.449713e-06 1.478409e-06
        110 1.919643e-06 1.142139e-06 2.800490e-06 1.311344e-06
        111 1.276739e-06 1.897285e-06 2.697801e-06 1.185509e-06
        112 1.288722e-06 1.267280e-06 2.171711e-06 1.226270e-06
        113 1.849167e-06 7.147748e-07 2.165542e-06 1.223550e-06
        114 1.722268e-06 1.484996e-06 2.474919e-06 1.095994e-06
        115 1.243547e-06 1.878797e-06 2.276201e-06 9.879577e-07
        116 1.388759e-06 1.069837e-06 1.726275e-06 1.005122e-06
        117 1.815951e-06 8.200086e-07 1.779827e-06 1.056858e-06
        118 1.700263e-06 1.643154e-06 2.180458e-06 1.006445e-06
        119 1.269830e-06 1.789434e-06 1.984933e-06 8.432555e-07
        120 1.284109e-06 9.543876e-07 1.289944e-06 8.097491e-07
        121 1.658258e-06 8.161665e-07 1.361611e-06 9.162542e-07
        122 1.651106e-06 1.587561e-06 1.915644e-06 9.315523e-07
        123 1.213522e-06 1.677838e-06 1.793981e-06 7.238846e-07
        124 1.089833e-06 8.901623e-07 9.656264e-07 6.503493e-07
        125 1.413578e-06 6.977671e-07 9.881062e-07 7.848180e-07
        126 1.507666e-06 1.348196e-06 1.615037e-06 8.595842e-07
        127 1.171649e-06 1.504386e-06 1.647454e-06 6.351024e-07
        128 9.690876e-07 8.676460e-07 8.010776e-07 5.089948e-07
        129 1.148145e-06 5.683219e-07 6.966715e-07 6.406431e-07
        130 1.289045e-06 1.005097e-06 1.299993e-06 7.868678e-07
        131 1.102450e-06 1.257848e-06 1.469600e-06 5.937678e-07
        132 8.759001e-07 8.580323e-07 7.705963e-07 3.887950e-07
        133 9.052546e-07 4.919314e-07 5.057530e-07 4.749280e-07
        134 1.027510e-06 6.793753e-07 1.052710e-06 6.855046e-07
        135 9.690759e-07 9.382521e-07 1.283211e-06 6.021267e-07
        136 7.882056e-07 7.835640e-07 8.133845e-07 3.338829e-07
        137 7.250168e-07 4.832840e-07 3.817634e-07 3.158954e-07
        138 7.778904e-07 4.619604e-07 8.264420e-07 5.137118e-07
        139 7.800314e-07 6.275861e-07 1.095279e-06 5.973129e-07
        140 6.967595e-07 6.263830e-07 8.552684e-07 3.649389e-07
        141 6.379962e-07 4.623978e-07 3.773793e-07 2.198118e-07
        142 6.300236e-07 3.636392e-07 5.820041e-07 3.117304e-07
        143 5.957420e-07 3.993934e-07 9.598200e-07 4.843911e-07
        144 5.526787e-07 4.351409e-07 8.279100e-07 4.243767e-07
        145 5.512232e-07 3.892508e-07 4.826209e-07 2.224822e-07
        146 5.577347e-07 3.278263e-07 3.600147e-07 1.843693e-07
        147 4.970280e-07 2.962243e-07 7.435519e-07 2.997000e-07
        148 4.085874e-07 2.861336e-07 8.251725e-07 3.995122e-07
        149 4.047948e-07 2.745086e-07 5.767903e-07 2.949255e-07
        150 4.626814e-07 2.646129e-07 3.339875e-07 1.659293e-07
        151 4.633482e-07 2.585835e-07 4.205870e-07 1.731021e-07
        152 3.668836e-07 2.319056e-07 7.026125e-07 2.630281e-07
        153 2.854087e-07 1.948147e-07 6.701102e-07 3.056889e-07
        154 3.147516e-07 1.841374e-07 4.463799e-07 2.155798e-07
        155 3.853728e-07 2.091643e-07 2.918095e-07 1.410609e-07
        156 3.748277e-07 2.264631e-07 4.014935e-07 1.598000e-07
        157 2.793475e-07 1.944847e-07 5.760890e-07 2.103518e-07
        158 2.169676e-07 1.470510e-07 5.605264e-07 2.255687e-07
        159 2.494734e-07 1.445731e-07 3.872019e-07 1.661734e-07
        160 3.118816e-07 1.916882e-07 2.683659e-07 1.207450e-07
        161 3.074577e-07 2.213442e-07 3.403691e-07 1.377114e-07
        162 2.292183e-07 1.851298e-07 4.328818e-07 1.582223e-07
        163 1.776319e-07 1.333117e-07 4.446864e-07 1.648257e-07
        164 2.033665e-07 1.292551e-07 3.472411e-07 1.354423e-07
        165 2.485896e-07 1.749476e-07 2.468127e-07 1.015613e-07
        166 2.489348e-07 2.150421e-07 2.778137e-07 1.165689e-07
        167 1.951668e-07 1.886959e-07 3.126526e-07 1.269273e-07
        168 1.440381e-07 1.317344e-07 3.245326e-07 1.203280e-07
        169 1.582339e-07 1.194329e-07 3.137193e-07 1.117637e-07
        170 2.058855e-07 1.535244e-07 2.304101e-07 8.514781e-08
        171 2.083921e-07 1.981555e-07 2.131442e-07 8.847489e-08
        172 1.668459e-07 2.018430e-07 2.329794e-07 1.046805e-07
        173 1.261384e-07 1.490198e-07 2.138876e-07 9.202581e-08
        174 1.142397e-07 1.108032e-07 2.398110e-07 8.318391e-08
        175 1.511795e-07 1.282197e-07 2.246435e-07 7.276113e-08
        176 1.835637e-07 1.684338e-07 1.671070e-07 6.360516e-08
        177 1.556124e-07 1.908444e-07 1.700130e-07 7.975414e-08
        178 1.181665e-07 1.704733e-07 1.623692e-07 8.142557e-08
        179 1.030397e-07 1.289843e-07 1.511088e-07 6.451408e-08
        180 1.075930e-07 1.147839e-07 1.855139e-07 5.523582e-08
        181 1.404253e-07 1.343866e-07 1.575983e-07 4.876710e-08
        182 1.542180e-07 1.619839e-07 1.253670e-07 5.152435e-08
        183 1.308247e-07 1.655866e-07 1.358265e-07 6.372979e-08
        184 1.078260e-07 1.399889e-07 1.203882e-07 6.135478e-08
        185 9.803640e-08 1.161405e-07 1.079027e-07 4.751650e-08
        186 1.191123e-07 1.125847e-07 1.366239e-07 3.717194e-08
        187 1.469922e-07 1.274570e-07 1.144528e-07 3.551283e-08
        188 1.358760e-07 1.456779e-07 9.940005e-08 4.003730e-08
        189 1.228811e-07 1.362051e-07 1.094463e-07 4.854005e-08
        190 1.199028e-07 1.088931e-07 1.037205e-07 4.970050e-08
        191 1.103940e-07 9.917940e-08 8.085162e-08 3.962361e-08
        192 1.344869e-07 1.033314e-07 9.782438e-08 3.053416e-08
        193 1.590683e-07 1.128643e-07 9.005492e-08 3.262520e-08
        194 1.280917e-07 1.246344e-07 8.609659e-08 3.364673e-08
        195 1.098393e-07 1.117216e-07 9.358340e-08 3.850434e-08
        196 1.260539e-07 8.302793e-08 9.297526e-08 4.725316e-08
        197 1.225662e-07 7.779312e-08 7.477343e-08 4.287217e-08
        198 1.313906e-07 8.812177e-08 7.315092e-08 3.113791e-08
        199 1.579404e-07 9.685100e-08 7.758338e-08 3.470262e-08
        200 1.329378e-07 1.074628e-07 7.519390e-08 3.819825e-08
        201 9.601775e-08 9.948289e-08 9.533449e-08 3.570227e-08
        202 1.095989e-07 6.803043e-08 9.220333e-08 4.157536e-08
        203 1.227600e-07 5.501781e-08 8.030873e-08 4.993819e-08
        204 1.198232e-07 6.900868e-08 6.516530e-08 4.085271e-08
        205 1.378593e-07 8.250191e-08 8.118406e-08 3.667724e-08
        206 1.367529e-07 9.230818e-08 7.659279e-08 4.595248e-08
        207 9.467416e-08 9.536405e-08 8.628340e-08 4.934433e-08
        208 8.145469e-08 7.447600e-08 1.005697e-07 4.569133e-08
        209 1.031071e-07 4.785268e-08 9.849757e-08 4.893358e-08
        210 1.088523e-07 4.702957e-08 8.186693e-08 5.549573e-08
        211 1.126416e-07 6.381486e-08 7.347059e-08 4.860171e-08
        212 1.274813e-07 7.929484e-08 8.923612e-08 4.942744e-08
        213 1.104841e-07 9.026817e-08 8.435552e-08 5.515679e-08
        214 7.085538e-08 8.865283e-08 9.660555e-08 6.074343e-08
        215 6.840670e-08 6.653678e-08 1.037357e-07 5.928729e-08
        216 8.899647e-08 4.518747e-08 1.094666e-07 5.700772e-08
        217 9.398995e-08 4.752657e-08 9.990675e-08 6.075761e-08
        218 9.886485e-08 6.357410e-08 9.031876e-08 6.074353e-08
        219 1.086010e-07 7.681512e-08 9.619141e-08 6.621275e-08
        220 9.093019e-08 8.399249e-08 9.297932e-08 6.439258e-08
        221 5.603504e-08 8.246251e-08 1.068290e-07 6.867534e-08
        222 5.104857e-08 6.660095e-08 1.125574e-07 7.493706e-08
        223 6.968862e-08 4.721073e-08 1.219652e-07 7.158880e-08
        224 7.900192e-08 4.588995e-08 1.266085e-07 6.738727e-08
        225 8.229882e-08 6.138775e-08 1.145356e-07 6.890519e-08
        226 8.701431e-08 7.477141e-08 1.092600e-07 8.262207e-08
        227 7.652862e-08 7.699768e-08 1.042380e-07 8.141545e-08
        228 4.923405e-08 7.484105e-08 1.224678e-07 7.643920e-08
        229 3.566731e-08 6.935055e-08 1.351935e-07 8.922691e-08
        230 4.727654e-08 5.283098e-08 1.359920e-07 9.648951e-08
        231 6.202782e-08 4.119540e-08 1.483675e-07 8.615147e-08
        232 6.570753e-08 5.297508e-08 1.512169e-07 7.535914e-08
        233 6.665636e-08 6.975456e-08 1.440734e-07 8.902911e-08
        234 6.433546e-08 7.116302e-08 1.256712e-07 1.021450e-07
        235 5.034125e-08 6.574639e-08 1.264435e-07 8.870834e-08
        236 3.308584e-08 6.566749e-08 1.527192e-07 8.984428e-08
        237 3.012039e-08 5.998080e-08 1.625494e-07 1.121388e-07
        238 4.471027e-08 4.218501e-08 1.686080e-07 1.167314e-07
        239 5.744305e-08 3.924189e-08 1.802197e-07 9.309286e-08
        240 5.761033e-08 5.786497e-08 1.862965e-07 8.632064e-08
        241 5.352382e-08 6.668319e-08 1.745325e-07 1.140527e-07
        242 4.842863e-08 5.991468e-08 1.492999e-07 1.215522e-07
        243 3.864791e-08 5.620037e-08 1.534756e-07 9.570753e-08
        244 2.868523e-08 5.821416e-08 1.765278e-07 1.001321e-07
        245 2.934859e-08 5.197115e-08 1.888142e-07 1.310851e-07
        246 4.234574e-08 3.670006e-08 1.984125e-07 1.309216e-07
        247 5.312513e-08 3.785724e-08 2.098351e-07 9.723735e-08
        248 5.225120e-08 5.543757e-08 2.135748e-07 9.607675e-08
        249 4.450513e-08 5.893009e-08 1.947688e-07 1.358585e-07
        250 3.946006e-08 4.949890e-08 1.674468e-07 1.400598e-07
        251 3.613041e-08 4.643523e-08 1.707893e-07 1.000531e-07
        252 2.859786e-08 4.911017e-08 1.934637e-07 1.007804e-07
        253 2.768662e-08 4.553268e-08 2.077447e-07 1.402806e-07
        254 3.945412e-08 3.269962e-08 2.153646e-07 1.435492e-07
        255 5.008240e-08 3.125918e-08 2.260271e-07 1.033929e-07
        256 4.970781e-08 4.729559e-08 2.337687e-07 9.835829e-08
        257 3.990062e-08 5.303752e-08 2.202418e-07 1.438005e-07
        258 3.326078e-08 4.292106e-08 1.900279e-07 1.591551e-07
        259 3.433525e-08 3.582463e-08 1.800470e-07 1.140055e-07
        260 3.027824e-08 3.740353e-08 1.973521e-07 9.812855e-08
        261 2.583304e-08 4.010557e-08 2.154974e-07 1.370286e-07
        262 3.419429e-08 3.208819e-08 2.225900e-07 1.551109e-07
        263 4.694259e-08 2.320231e-08 2.269604e-07 1.197767e-07
        264 5.028132e-08 3.323641e-08 2.352816e-07 9.809809e-08
        265 3.971630e-08 4.571701e-08 2.339158e-07 1.306844e-07
        266 2.890520e-08 4.175137e-08 2.126590e-07 1.629084e-07
        267 3.042207e-08 3.228864e-08 1.897591e-07 1.364198e-07
        268 3.113087e-08 2.745936e-08 1.890099e-07 9.970255e-08
        269 2.552604e-08 2.994161e-08 2.036239e-07 1.189386e-07
        270 2.694871e-08 3.179442e-08 2.161307e-07 1.529252e-07
        271 3.712811e-08 2.242961e-08 2.208840e-07 1.413127e-07
        272 4.700130e-08 1.900363e-08 2.254101e-07 1.072637e-07
        273 4.407202e-08 3.163967e-08 2.306908e-07 1.099798e-07
        274 2.899538e-08 3.891127e-08 2.255522e-07 1.450330e-07
        275 2.297755e-08 3.342204e-08 2.068162e-07 1.557355e-07
        276 2.745254e-08 2.518738e-08 1.881948e-07 1.219387e-07
        277 2.608412e-08 2.022791e-08 1.833942e-07 1.002534e-07
        278 2.309494e-08 2.306322e-08 1.912519e-07 1.237713e-07
        279 2.624816e-08 2.544213e-08 2.015476e-07 1.444906e-07
        280 3.324340e-08 1.835875e-08 2.064014e-07 1.271878e-07
        281 4.077358e-08 1.581731e-08 2.091252e-07 1.026912e-07
        282 3.717500e-08 2.506358e-08 2.122052e-07 1.108787e-07
        283 2.297006e-08 3.141863e-08 2.100169e-07 1.392292e-07
        284 1.842692e-08 2.847112e-08 1.989385e-07 1.462333e-07
        285 2.244022e-08 2.143878e-08 1.828721e-07 1.196774e-07
        286 2.089863e-08 1.539864e-08 1.723013e-07 1.016067e-07
        287 2.003067e-08 1.633714e-08 1.731119e-07 1.180806e-07
        288 2.372737e-08 2.107161e-08 1.796912e-07 1.325625e-07
        289 2.671796e-08 1.961643e-08 1.826045e-07 1.181457e-07
        290 3.174566e-08 1.535729e-08 1.831089e-07 9.722598e-08
        291 3.273857e-08 1.782309e-08 1.851775e-07 1.001892e-07
        292 2.218175e-08 2.377943e-08 1.854867e-07 1.198701e-07
        293 1.547012e-08 2.483576e-08 1.807945e-07 1.295054e-07
        294 1.898685e-08 2.121522e-08 1.704389e-07 1.151282e-07
        295 1.783782e-08 1.565238e-08 1.591785e-07 9.729985e-08
        296 1.493462e-08 1.223621e-08 1.533338e-07 1.031424e-07
        297 1.907312e-08 1.527178e-08 1.543986e-07 1.184261e-07
        298 2.127093e-08 2.052069e-08 1.556391e-07 1.136662e-07
        299 2.227500e-08 1.870985e-08 1.553264e-07 9.583150e-08
        300 2.769031e-08 1.397102e-08 1.559622e-07 8.733254e-08
        301 2.602323e-08 1.517567e-08 1.579034e-07 9.601714e-08
        302 1.671831e-08 1.919665e-08 1.576045e-07 1.066362e-07
        303 1.518268e-08 1.981636e-08 1.535988e-07 1.056139e-07
        304 1.792247e-08 1.758657e-08 1.452995e-07 9.309996e-08
        305 1.356721e-08 1.378017e-08 1.373397e-07 8.663895e-08
        306 1.214220e-08 1.097952e-08 1.333102e-07 9.648568e-08
        307 1.740866e-08 1.435614e-08 1.316784e-07 1.027855e-07
        308 1.670429e-08 2.062005e-08 1.284105e-07 9.340931e-08
        309 1.718231e-08 1.802866e-08 1.276200e-07 8.124958e-08
        310 2.485440e-08 1.120726e-08 1.293481e-07 7.696623e-08
        311 2.320286e-08 1.152315e-08 1.302371e-07 8.082841e-08
        312 1.458619e-08 1.524734e-08 1.279444e-07 8.536961e-08
        313 1.416847e-08 1.588483e-08 1.251467e-07 8.641344e-08
        314 1.619398e-08 1.531849e-08 1.201792e-07 8.009989e-08
        315 1.252889e-08 1.352400e-08 1.138137e-07 7.423031e-08
        316 1.070605e-08 1.015039e-08 1.089028e-07 7.885216e-08
        317 1.495000e-08 1.152093e-08 1.061578e-07 8.403917e-08
        318 1.466944e-08 1.821284e-08 1.032181e-07 7.879339e-08
        319 1.277547e-08 1.751492e-08 1.028659e-07 6.973428e-08
        320 2.047763e-08 9.865522e-09 1.034510e-07 6.302364e-08
        321 2.264309e-08 8.062725e-09 1.036253e-07 6.254674e-08
        322 1.408415e-08 1.125270e-08 1.007470e-07 6.443931e-08
        323 1.255675e-08 1.201428e-08 9.803183e-08 6.837899e-08
        324 1.515513e-08 1.253714e-08 9.528444e-08 6.655083e-08
        325 1.335875e-08 1.337654e-08 9.120127e-08 6.079627e-08
        326 1.180563e-08 1.045832e-08 8.692567e-08 5.903320e-08
        327 1.310146e-08 8.047143e-09 8.479245e-08 6.441930e-08
        328 1.411001e-08 1.322433e-08 8.210917e-08 6.422390e-08
        329 1.089219e-08 1.710369e-08 8.046987e-08 5.793228e-08
        330 1.315543e-08 1.162892e-08 7.859150e-08 4.963731e-08
        331 2.107132e-08 6.041095e-09 7.665604e-08 4.576814e-08
        332 1.698466e-08 7.263939e-09 7.455689e-08 4.570128e-08
        333 1.089555e-08 9.283312e-09 7.143391e-08 4.784816e-08
        334 1.448728e-08 9.731916e-09 6.885472e-08 4.832449e-08
        335 1.434932e-08 1.195368e-08 6.665258e-08 4.515656e-08
        336 1.258337e-08 1.258804e-08 6.497398e-08 4.292707e-08
        337 1.383208e-08 8.808418e-09 6.423002e-08 4.405082e-08
        338 1.324356e-08 7.741302e-09 6.320323e-08 4.784864e-08
        339 1.241183e-08 1.293708e-08 6.037789e-08 4.595261e-08
        340 1.013181e-08 1.438460e-08 5.927781e-08 4.082924e-08
        341 1.255373e-08 8.644465e-09 5.724438e-08 3.530323e-08
        342 1.915450e-08 4.835412e-09 5.481897e-08 3.307942e-08
        343 1.491643e-08 6.400271e-09 5.171863e-08 3.260095e-08
        344 1.061522e-08 8.678213e-09 4.772000e-08 3.298483e-08
        345 1.566627e-08 9.579137e-09 4.475983e-08 3.160672e-08
        346 1.478377e-08 1.168915e-08 4.359885e-08 2.940883e-08
        347 1.260935e-08 1.272082e-08 4.405980e-08 2.890355e-08
        348 1.467478e-08 8.996643e-09 4.369234e-08 2.829430e-08
        349 1.318711e-08 7.079030e-09 4.250404e-08 3.077790e-08
        350 1.182162e-08 1.115995e-08 4.035557e-08 3.209345e-08
        351 1.058681e-08 1.261643e-08 4.150668e-08 2.948136e-08
        352 1.049937e-08 8.923438e-09 4.068427e-08 2.458324e-08
        353 1.574065e-08 6.296847e-09 3.759703e-08 2.120708e-08
        354 1.465410e-08 6.815586e-09 3.527915e-08 2.134446e-08
        355 9.837311e-09 1.036326e-08 3.270431e-08 2.192423e-08
        356 1.404675e-08 1.219229e-08 2.956248e-08 2.093122e-08
        357 1.553936e-08 1.174941e-08 2.638716e-08 1.774833e-08
        358 1.187761e-08 1.267883e-08 2.699035e-08 1.862779e-08
        359 1.356385e-08 1.094325e-08 2.764669e-08 1.818001e-08
        360 1.374713e-08 7.595160e-09 2.790028e-08 1.884543e-08
        361 1.136382e-08 9.462090e-09 2.607429e-08 2.159416e-08
        362 1.122575e-08 1.192789e-08 2.694118e-08 2.124981e-08
        363 9.538240e-09 1.101652e-08 2.818319e-08 1.716550e-08
        364 1.034988e-08 1.018913e-08 2.599082e-08 1.448959e-08
        365 1.322116e-08 8.616238e-09 2.446232e-08 1.446899e-08
        366 1.021614e-08 9.236003e-09 2.435112e-08 1.497144e-08
        367 9.337703e-09 1.327247e-08 2.176702e-08 1.360826e-08
        368 1.432569e-08 1.361155e-08 1.760570e-08 1.152926e-08
        369 1.295614e-08 1.191132e-08 1.630154e-08 1.177706e-08
        370 1.011995e-08 1.259534e-08 1.912801e-08 1.377406e-08
        371 1.254903e-08 1.029527e-08 1.833165e-08 1.111483e-08
        372 1.211725e-08 8.030153e-09 1.658483e-08 1.121176e-08
        373 9.916134e-09 1.046641e-08 1.590787e-08 1.591323e-08
        374 9.986987e-09 1.127002e-08 2.012862e-08 1.602563e-08
        375 8.559182e-09 1.073598e-08 2.081740e-08 1.122566e-08
        376 8.078689e-09 1.185747e-08 1.705107e-08 8.853148e-09
        377 9.512813e-09 1.005344e-08 1.596215e-08 9.723288e-09
        378 8.300089e-09 9.687934e-09 1.836751e-08 1.123259e-08
        379 8.245653e-09 1.369681e-08 1.736447e-08 9.756950e-09
        380 1.212340e-08 1.383322e-08 1.337050e-08 7.963806e-09
        381 1.134382e-08 1.124478e-08 1.252396e-08 8.273969e-09
        382 8.152516e-09 1.172786e-08 1.639074e-08 1.093235e-08
        383 9.804897e-09 1.063285e-08 1.621596e-08 9.311137e-09
        384 1.065939e-08 8.221116e-09 1.399254e-08 9.275903e-09
        385 8.440097e-09 9.547583e-09 1.354690e-08 1.341826e-08
        386 8.125342e-09 1.056290e-08 1.709275e-08 1.488524e-08
        387 7.933601e-09 9.816187e-09 1.858997e-08 1.083478e-08
        388 6.334781e-09 1.125850e-08 1.514157e-08 9.402648e-09
        389 6.313367e-09 1.072037e-08 1.356534e-08 8.968967e-09
        390 6.558703e-09 8.578951e-09 1.602591e-08 9.792975e-09
        391 6.395629e-09 1.134347e-08 1.741285e-08 8.975574e-09
        392 8.674910e-09 1.373704e-08 1.489700e-08 9.322694e-09
        393 1.048924e-08 1.097421e-08 1.410041e-08 9.106078e-09
        394 7.650433e-09 9.810932e-09 1.812587e-08 1.031877e-08
        395 6.281267e-09 1.050233e-08 2.035626e-08 1.045693e-08
        396 8.337117e-09 8.474861e-09 1.665038e-08 1.010399e-08
        397 7.949987e-09 7.621899e-09 1.495458e-08 1.271249e-08
        398 6.483034e-09 9.187773e-09 1.734859e-08 1.604589e-08
        399 6.895711e-09 8.815865e-09 2.133976e-08 1.471110e-08
        400 6.554796e-09 8.572081e-09 1.937291e-08 1.234627e-08
        401 5.064969e-09 1.017996e-08 1.588178e-08 1.254315e-08
        402 4.642606e-09 9.367675e-09 1.690774e-08 1.168875e-08
        403 5.146726e-09 8.268751e-09 2.092029e-08 1.101428e-08
        404 5.634658e-09 1.087168e-08 2.112860e-08 1.041284e-08
        405 7.337286e-09 1.164888e-08 1.803478e-08 1.262702e-08
        406 8.578724e-09 8.475152e-09 1.960846e-08 1.359706e-08
        407 6.532896e-09 7.902108e-09 2.575663e-08 1.424891e-08
        408 5.230467e-09 9.138168e-09 2.702857e-08 1.358573e-08
        409 6.522841e-09 7.487921e-09 2.120544e-08 1.374892e-08
        410 6.300133e-09 6.556292e-09 1.923559e-08 1.650424e-08
        411 5.406132e-09 8.057628e-09 2.337981e-08 1.872820e-08
        412 5.825580e-09 7.753684e-09 2.837434e-08 1.718189e-08
        413 5.689996e-09 6.792002e-09 2.596267e-08 1.581056e-08
        414 4.899486e-09 8.469085e-09 2.189299e-08 1.789964e-08
        415 4.568086e-09 9.633398e-09 2.296249e-08 1.750185e-08
        416 4.603328e-09 8.664359e-09 2.691589e-08 1.475211e-08
        417 4.675925e-09 8.717348e-09 2.787680e-08 1.283127e-08
        418 5.143807e-09 9.111222e-09 2.463769e-08 1.589944e-08
        419 6.849751e-09 7.213720e-09 2.567443e-08 1.995642e-08
        420 6.644804e-09 5.914275e-09 3.119262e-08 1.980058e-08
        421 4.480650e-09 7.252027e-09 3.443752e-08 1.806950e-08
        422 4.671261e-09 7.453498e-09 2.999900e-08 1.742016e-08
        423 5.531452e-09 5.844702e-09 2.614198e-08 2.076542e-08
        424 4.804119e-09 6.084158e-09 2.857235e-08 2.260333e-08
        425 4.941414e-09 6.951892e-09 3.448795e-08 2.096129e-08
        426 5.140821e-09 5.661396e-09 3.622502e-08 1.837454e-08
        427 4.814777e-09 5.765402e-09 3.205375e-08 2.113610e-08
        428 4.964880e-09 8.325503e-09 2.962793e-08 2.430293e-08
        429 4.082473e-09 8.662655e-09 3.119555e-08 2.205963e-08
        430 3.583730e-09 7.083045e-09 3.417574e-08 1.731637e-08
        431 4.119906e-09 6.786674e-09 3.391762e-08 1.637649e-08
        432 4.523981e-09 6.067370e-09 3.119177e-08 2.170388e-08
        433 5.814141e-09 4.375858e-09 3.328205e-08 2.622637e-08
        434 5.840072e-09 4.586822e-09 3.829934e-08 2.461488e-08
        435 3.895603e-09 6.321945e-09 4.025238e-08 2.123077e-08
        436 3.862472e-09 6.390954e-09 3.607235e-08 2.145042e-08
        437 4.413729e-09 4.847456e-09 3.350115e-08 2.611852e-08
        438 3.996859e-09 4.945242e-09 3.590581e-08 2.675877e-08
        439 4.389407e-09 5.797751e-09 4.051488e-08 2.315269e-08
        440 4.433742e-09 4.498940e-09 4.180903e-08 2.091190e-08
        441 4.340865e-09 4.278665e-09 3.888666e-08 2.531592e-08
        442 5.129926e-09 7.030593e-09 3.664535e-08 2.922469e-08
        443 4.075850e-09 7.721963e-09 3.668190e-08 2.611850e-08
        444 2.654140e-09 5.665415e-09 3.853664e-08 2.060202e-08
        445 3.184932e-09 4.845390e-09 3.937594e-08 1.982003e-08
        446 3.510414e-09 4.364996e-09 3.724447e-08 2.480875e-08
        447 4.445018e-09 3.055291e-09 3.736938e-08 2.972115e-08
        448 5.567395e-09 3.187736e-09 4.087577e-08 2.849760e-08
        449 4.121581e-09 4.606962e-09 4.411110e-08 2.485373e-08
        450 3.010949e-09 5.425924e-09 4.214839e-08 2.340820e-08
        451 3.605766e-09 4.437331e-09 3.792617e-08 2.701117e-08
        452 3.278530e-09 3.453660e-09 3.779702e-08 2.907668e-08
        453 3.446356e-09 4.249792e-09 4.119095e-08 2.623355e-08
        454 4.008276e-09 4.398420e-09 4.442090e-08 2.233956e-08
        455 3.557117e-09 2.999349e-09 4.372931e-08 2.411185e-08
        456 4.406039e-09 4.304106e-09 4.135328e-08 2.980171e-08
        457 4.931819e-09 6.766556e-09 3.978880e-08 3.004726e-08
        458 2.765445e-09 5.768038e-09 3.971745e-08 2.438953e-08
        459 1.833389e-09 3.743598e-09 4.165794e-08 2.087875e-08
        460 2.694031e-09 3.321455e-09 4.212068e-08 2.351513e-08
        461 2.967347e-09 2.688050e-09 3.985279e-08 2.873614e-08
        462 4.186683e-09 2.026681e-09 3.906963e-08 3.061475e-08
        463 4.937593e-09 2.694169e-09 4.140784e-08 2.834354e-08
        464 3.249011e-09 3.954044e-09 4.421483e-08 2.552604e-08
        465 2.496136e-09 4.431446e-09 4.204313e-08 2.431634e-08
        466 2.846084e-09 3.267548e-09 3.770456e-08 2.616601e-08
        467 2.496495e-09 2.442335e-09 3.728150e-08 2.749244e-08
        468 2.921309e-09 3.448929e-09 4.045155e-08 2.589867e-08
        469 3.342240e-09 3.525957e-09 4.293127e-08 2.230258e-08
        470 2.925850e-09 2.175889e-09 4.213692e-08 2.277669e-08
        471 4.016360e-09 3.478083e-09 4.055467e-08 2.709544e-08
        472 4.708316e-09 5.745686e-09 3.968025e-08 2.843535e-08
        473 2.486624e-09 4.605350e-09 3.882763e-08 2.415068e-08
        474 1.259205e-09 2.439384e-09 3.943980e-08 2.080797e-08
        475 1.971547e-09 2.102951e-09 4.019712e-08 2.243140e-08
        476 2.219819e-09 1.988906e-09 3.852471e-08 2.605313e-08
        477 3.062841e-09 1.533870e-09 3.606088e-08 2.720261e-08
        478 4.373364e-09 1.839407e-09 3.602181e-08 2.605704e-08
        479 3.390386e-09 2.817957e-09 3.870698e-08 2.473986e-08
        480 2.058954e-09 3.532408e-09 3.913152e-08 2.343176e-08
        481 2.242099e-09 2.934961e-09 3.566949e-08 2.317661e-08
        482 2.169074e-09 1.926501e-09 3.409647e-08 2.456652e-08
        483 2.202434e-09 2.272001e-09 3.631009e-08 2.490501e-08
        484 2.630378e-09 3.146657e-09 3.864412e-08 2.153819e-08
        485 2.171947e-09 1.994731e-09 3.788959e-08 1.827058e-08
        486 2.713070e-09 1.862517e-09 3.640734e-08 2.091062e-08
        487 4.450731e-09 4.288994e-09 3.613826e-08 2.500129e-08
        488 3.624162e-09 4.788177e-09 3.510006e-08 2.422499e-08
        489 1.188346e-09 2.538116e-09 3.280288e-08 1.940911e-08
        490 1.060521e-09 1.409872e-09 3.262999e-08 1.823437e-08
        491 1.808905e-09 1.666189e-09 3.375835e-08 2.139757e-08
        492 1.719589e-09 1.354911e-09 3.285681e-08 2.353892e-08
        493 2.512794e-09 1.131923e-09 2.993179e-08 2.173037e-08
        494 3.280429e-09 1.425949e-09 2.900206e-08 1.990429e-08
        495 2.324672e-09 2.208114e-09 3.163908e-08 1.984319e-08
        496 1.597697e-09 2.702903e-09 3.261008e-08 1.987277e-08
        497 1.825366e-09 2.132030e-09 3.073077e-08 1.971951e-08
        498 1.714476e-09 1.470307e-09 2.863162e-08 2.026980e-08
        499 1.783008e-09 1.882449e-09 2.898109e-08 2.061764e-08
        500 1.966171e-09 2.410906e-09 3.004460e-08 1.790625e-08
        501 1.504140e-09 1.466471e-09 2.930335e-08 1.531426e-08
        502 2.057642e-09 1.533463e-09 2.836981e-08 1.678197e-08
        503 3.623252e-09 3.486675e-09 2.800130e-08 1.927170e-08
        504 3.192655e-09 3.768146e-09 2.693138e-08 1.826653e-08
        505 1.200915e-09 1.831614e-09 2.537107e-08 1.506536e-08
        506 7.141879e-10 8.740055e-10 2.549216e-08 1.465686e-08
        507 1.284402e-09 1.209694e-09 2.667305e-08 1.713576e-08
        508 1.287787e-09 1.158416e-09 2.577934e-08 1.790775e-08
        509 1.566479e-09 8.417372e-10 2.297442e-08 1.579128e-08
        510 2.369715e-09 9.659127e-10 2.159782e-08 1.470667e-08
        511 2.259742e-09 1.570827e-09 2.461074e-08 1.600455e-08
        512 1.444793e-09 1.816718e-09 2.539575e-08 1.597433e-08
        513 1.291727e-09 1.649459e-09 2.458886e-08 1.582256e-08
        514 1.520108e-09 1.397714e-09 2.219290e-08 1.510012e-08
        515 1.356323e-09 1.305738e-09 2.139606e-08 1.626604e-08
        516 1.096943e-09 1.414960e-09 2.240844e-08 1.543529e-08
        517 1.047526e-09 1.399935e-09 2.133511e-08 1.218137e-08
        518 1.237660e-09 1.137708e-09 1.896159e-08 1.092213e-08
        519 1.628973e-09 1.025675e-09 1.898642e-08 1.295609e-08
        520 1.743737e-09 1.254031e-09 2.003159e-08 1.390857e-08
        521 1.333081e-09 1.390782e-09 1.974847e-08 1.152905e-08
        522 8.935731e-10 1.067484e-09 1.752112e-08 9.525388e-09
        523 7.898251e-10 7.264419e-10 1.708351e-08 1.081641e-08
        524 7.856525e-10 8.369885e-10 1.742134e-08 1.293318e-08
        525 9.181198e-10 8.946486e-10 1.752324e-08 1.208919e-08
        526 1.347246e-09 6.510516e-10 1.549645e-08 9.222076e-09
        527 1.813100e-09 7.492579e-10 1.484605e-08 9.524608e-09
        528 1.716537e-09 1.217822e-09 1.670653e-08 1.173532e-08
        529 1.216458e-09 1.376927e-09 1.660324e-08 1.222679e-08
        530 1.016404e-09 1.243237e-09 1.783198e-08 1.224761e-08
        531 1.108720e-09 1.102264e-09 1.606942e-08 1.020142e-08
        532 1.060737e-09 1.058253e-09 1.481940e-08 1.116898e-08
        533 8.098243e-10 1.059911e-09 1.491129e-08 1.049191e-08
        534 6.130255e-10 9.388801e-10 1.365927e-08 7.956626e-09
        535 8.955367e-10 8.162275e-10 1.141625e-08 6.370790e-09
        536 1.494002e-09 8.398723e-10 1.153022e-08 7.769872e-09
        537 1.605401e-09 9.443464e-10 1.258213e-08 9.045224e-09
        538 1.133443e-09 1.017497e-09 1.302381e-08 7.518013e-09
        539 7.131323e-10 8.323344e-10 1.130002e-08 5.623771e-09
        540 6.011732e-10 5.125380e-10 1.060415e-08 6.039498e-09
        541 6.251630e-10 5.276453e-10 1.044288e-08 8.148361e-09
        542 6.528110e-10 6.673687e-10 1.107814e-08 8.469705e-09
        543 8.024006e-10 5.438878e-10 1.042054e-08 6.308266e-09
        544 1.158329e-09 5.414758e-10 8.878410e-09 5.265921e-09
        545 1.355849e-09 8.590674e-10 1.017629e-08 7.400814e-09
        546 1.171771e-09 1.018423e-09 1.002353e-08 8.549834e-09
        547 9.356894e-10 9.578606e-10 1.217246e-08 9.865303e-09
        548 8.874758e-10 9.322628e-10 1.293073e-08 8.100833e-09
        549 9.036131e-10 9.327831e-10 1.031776e-08 6.661511e-09
        550 8.251522e-10 8.508130e-10 9.568361e-09 7.287116e-09
        551 6.368929e-10 6.117826e-10 9.411548e-09 6.136453e-09
        552 6.154616e-10 5.218007e-10 8.020976e-09 4.742038e-09
        553 1.043207e-09 7.847638e-10 6.741538e-09 3.827092e-09
        554 1.482542e-09 1.013055e-09 7.151083e-09 5.146116e-09
        555 1.326725e-09 1.023468e-09 8.095736e-09 5.580386e-09
        556 8.793651e-10 9.478356e-10 8.274033e-09 4.650800e-09
        557 6.112272e-10 6.563592e-10 7.216684e-09 3.522061e-09
        558 4.557059e-10 3.898923e-10 7.002584e-09 4.028752e-09
        559 4.618280e-10 4.987118e-10 6.547056e-09 5.261262e-09
        560 6.184578e-10 5.782232e-10 7.282318e-09 5.462604e-09
        561 7.324838e-10 4.207340e-10 6.660949e-09 3.919316e-09
        562 9.156201e-10 4.882767e-10 6.006755e-09 3.571338e-09
        563 1.097708e-09 8.040471e-10 7.076620e-09 5.186285e-09
        564 1.025869e-09 8.734762e-10 6.558614e-09 6.085408e-09
        565 7.955047e-10 7.957381e-10 9.175104e-09 7.705458e-09
        566 6.726791e-10 8.106491e-10 1.052033e-08 6.344059e-09
        567 7.602402e-10 8.238982e-10 7.996035e-09 4.878387e-09
        568 7.706042e-10 7.473968e-10 6.668221e-09 5.382222e-09
        569 5.946577e-10 5.145050e-10 6.890210e-09 4.937283e-09
        570 5.656481e-10 3.929868e-10 6.860317e-09 4.315042e-09
        571 8.822679e-10 7.039250e-10 5.724858e-09 3.071075e-09
        572 1.181644e-09 1.014290e-09 5.239760e-09 3.458279e-09
        573 1.072211e-09 9.836105e-10 5.352560e-09 3.884328e-09
        574 7.717773e-10 9.085666e-10 6.691395e-09 3.917269e-09
        575 6.572416e-10 7.411904e-10 6.600700e-09 3.282428e-09
        576 5.240373e-10 4.243624e-10 6.592144e-09 3.094984e-09
        577 3.669069e-10 3.705742e-10 5.682796e-09 3.715331e-09
        578 5.026462e-10 5.259637e-10 5.834249e-09 4.465959e-09
        579 6.757044e-10 4.863695e-10 6.228617e-09 4.028011e-09
        580 7.047792e-10 4.299309e-10 5.583162e-09 2.932345e-09
        581 7.642927e-10 5.951200e-10 6.381330e-09 3.790402e-09
        582 8.426265e-10 7.170812e-10 6.121769e-09 4.613274e-09
        583 8.587724e-10 6.620547e-10 6.196302e-09 6.029690e-09
        584 6.755108e-10 6.365649e-10 9.403025e-09 6.992571e-09
        585 5.277537e-10 6.702885e-10 9.193646e-09 4.908443e-09
        586 6.401353e-10 6.794291e-10 7.523564e-09 4.672828e-09
        587 7.095294e-10 6.075107e-10 6.570504e-09 4.966516e-09
        588 5.623289e-10 4.261342e-10 7.027771e-09 4.964007e-09
        589 6.255685e-10 4.661314e-10 6.858810e-09 4.330829e-09
        590 8.820705e-10 8.225375e-10 6.173135e-09 3.408330e-09
        591 1.011355e-09 9.732409e-10 5.485646e-09 3.738595e-09
        592 8.234892e-10 8.503287e-10 5.867421e-09 4.023959e-09
        593 5.456305e-10 7.831434e-10 7.409199e-09 4.209803e-09
        594 5.311392e-10 6.240702e-10 7.808421e-09 3.770020e-09
        595 4.883268e-10 3.942811e-10 7.716240e-09 3.628875e-09
        596 3.695407e-10 4.415669e-10 6.656243e-09 4.006130e-09
        597 5.013662e-10 5.826818e-10 6.711327e-09 4.557239e-09
        598 5.791194e-10 4.813597e-10 7.023383e-09 4.334775e-09
