# Radial light profiles 

# radial and cumulative light profiles as a function of the distance
# from the centre of the psf. The first bin runs from r=0 to r=1 (centre=0.5), etc.

#d [pixels] radial_profile cumulative_profile
   0.500000   3.926913e-02       3.926913e-02
   1.500000   2.637278e-02       6.564191e-02
   2.500000   1.059676e-02       7.623867e-02
   3.500000   2.961124e-03       7.919980e-02
   4.500000   2.633909e-03       8.183371e-02
   5.500000   2.734843e-03       8.456855e-02
   6.500000   1.596317e-03       8.616487e-02
   7.500000   7.563355e-04       8.692120e-02
   8.500000   4.395901e-04       8.736079e-02
   9.500000   2.253746e-04       8.758617e-02
  10.500000   1.118166e-04       8.769798e-02
  11.500000   8.958598e-05       8.778757e-02
  12.500000   9.230347e-05       8.787987e-02
  13.500000   1.161532e-04       8.799603e-02
  14.500000   1.255834e-04       8.812161e-02
  15.500000   1.112455e-04       8.823285e-02
  16.500000   1.063666e-04       8.833922e-02
  17.500000   1.069788e-04       8.844620e-02
  18.500000   9.964863e-05       8.854585e-02
  19.500000   7.893285e-05       8.862478e-02
  20.500000   5.921045e-05       8.868399e-02
  21.500000   4.876656e-05       8.873276e-02
  22.500000   4.434042e-05       8.877710e-02
  23.500000   4.060140e-05       8.881770e-02
  24.500000   3.754796e-05       8.885525e-02
  25.500000   3.237311e-05       8.888762e-02
  26.500000   2.714370e-05       8.891477e-02
  27.500000   2.282079e-05       8.893759e-02
  28.500000   1.964676e-05       8.895723e-02
  29.500000   1.766685e-05       8.897490e-02
  30.500000   1.659452e-05       8.899149e-02
  31.500000   1.625484e-05       8.900775e-02
  32.500000   1.649243e-05       8.902424e-02
  33.500000   1.663852e-05       8.904088e-02
  34.500000   1.613803e-05       8.905702e-02
  35.500000   1.512633e-05       8.907214e-02
  36.500000   1.392636e-05       8.908607e-02
  37.500000   1.278474e-05       8.909886e-02
  38.500000   1.208443e-05       8.911094e-02
  39.500000   1.189790e-05       8.912284e-02
  40.500000   1.169774e-05       8.913454e-02
  41.500000   1.156562e-05       8.914610e-02
  42.500000   1.150138e-05       8.915760e-02
  43.500000   1.146492e-05       8.916907e-02
  44.500000   1.125433e-05       8.918032e-02
  45.500000   1.059240e-05       8.919091e-02
  46.500000   9.717076e-06       8.920063e-02
  47.500000   8.564339e-06       8.920920e-02
  48.500000   7.531518e-06       8.921673e-02
  49.500000   6.520983e-06       8.922325e-02
  50.500000   5.630609e-06       8.922888e-02
  51.500000   4.872930e-06       8.923375e-02
  52.500000   4.220085e-06       8.923797e-02
  53.500000   3.729299e-06       8.924170e-02
  54.500000   3.354129e-06       8.924505e-02
  55.500000   3.109391e-06       8.924816e-02
  56.500000   2.995158e-06       8.925116e-02
  57.500000   2.944705e-06       8.925410e-02
  58.500000   3.008926e-06       8.925711e-02
  59.500000   3.087867e-06       8.926020e-02
  60.500000   3.183106e-06       8.926338e-02
  61.500000   3.312018e-06       8.926670e-02
  62.500000   3.374346e-06       8.927007e-02
  63.500000   3.435695e-06       8.927351e-02
  64.500000   3.462961e-06       8.927697e-02
  65.500000   3.455830e-06       8.928042e-02
  66.500000   3.424850e-06       8.928385e-02
  67.500000   3.404467e-06       8.928725e-02
  68.500000   3.318043e-06       8.929057e-02
  69.500000   3.240989e-06       8.929381e-02
  70.500000   3.208796e-06       8.929702e-02
  71.500000   3.032470e-06       8.930005e-02
  72.500000   2.999334e-06       8.930305e-02
  73.500000   2.929462e-06       8.930598e-02
  74.500000   2.779939e-06       8.930876e-02
  75.500000   2.833580e-06       8.931160e-02
  76.500000   2.748458e-06       8.931435e-02
  77.500000   2.696587e-06       8.931704e-02
  78.500000   2.767381e-06       8.931981e-02
  79.500000   2.688108e-06       8.932250e-02
  80.500000   2.664997e-06       8.932516e-02
  81.500000   2.687187e-06       8.932785e-02
  82.500000   2.557821e-06       8.933041e-02
  83.500000   2.507651e-06       8.933291e-02
  84.500000   2.502653e-06       8.933542e-02
  85.500000   2.310147e-06       8.933773e-02
  86.500000   2.287889e-06       8.934002e-02
  87.500000   2.289183e-06       8.934230e-02
  88.500000   2.028680e-06       8.934433e-02
  89.500000   2.064152e-06       8.934640e-02
  90.500000   2.061910e-06       8.934846e-02
  91.500000   1.783667e-06       8.935024e-02
  92.500000   1.834735e-06       8.935208e-02
  93.500000   1.837330e-06       8.935392e-02
  94.500000   1.598853e-06       8.935551e-02
  95.500000   1.614127e-06       8.935713e-02
  96.500000   1.643989e-06       8.935877e-02
  97.500000   1.469574e-06       8.936024e-02
  98.500000   1.438326e-06       8.936168e-02
  99.500000   1.494021e-06       8.936317e-02
 100.500000   1.396235e-06       8.936457e-02
 101.500000   1.343325e-06       8.936591e-02
 102.500000   1.358772e-06       8.936727e-02
 103.500000   1.375359e-06       8.936865e-02
 104.500000   1.342801e-06       8.936999e-02
 105.500000   1.245015e-06       8.937124e-02
 106.500000   1.303508e-06       8.937254e-02
 107.500000   1.352346e-06       8.937389e-02
 108.500000   1.225181e-06       8.937512e-02
 109.500000   1.171587e-06       8.937629e-02
 110.500000   1.283143e-06       8.937757e-02
 111.500000   1.296201e-06       8.937887e-02
 112.500000   1.112195e-06       8.937998e-02
 113.500000   1.115191e-06       8.938110e-02
 114.500000   1.275327e-06       8.938237e-02
 115.500000   1.196248e-06       8.938357e-02
 116.500000   1.020895e-06       8.938459e-02
 117.500000   1.079310e-06       8.938567e-02
 118.500000   1.217188e-06       8.938688e-02
 119.500000   1.095703e-06       8.938798e-02
 120.500000   9.488872e-07       8.938893e-02
 121.500000   1.031340e-06       8.938996e-02
 122.500000   1.102431e-06       8.939106e-02
 123.500000   1.017669e-06       8.939208e-02
 124.500000   9.002308e-07       8.939298e-02
 125.500000   9.295486e-07       8.939391e-02
 126.500000   9.895150e-07       8.939490e-02
 127.500000   9.344387e-07       8.939583e-02
 128.500000   8.597337e-07       8.939669e-02
 129.500000   8.257644e-07       8.939752e-02
 130.500000   8.545297e-07       8.939837e-02
 131.500000   8.513248e-07       8.939923e-02
 132.500000   7.965790e-07       8.940002e-02
 133.500000   7.519952e-07       8.940077e-02
 134.500000   7.206441e-07       8.940149e-02
 135.500000   7.377628e-07       8.940223e-02
 136.500000   7.340318e-07       8.940297e-02
 137.500000   6.881988e-07       8.940365e-02
 138.500000   6.332690e-07       8.940429e-02
 139.500000   6.130712e-07       8.940490e-02
 140.500000   6.483417e-07       8.940555e-02
 141.500000   6.379123e-07       8.940619e-02
 142.500000   5.792845e-07       8.940677e-02
 143.500000   5.258219e-07       8.940729e-02
 144.500000   5.326601e-07       8.940782e-02
 145.500000   5.707618e-07       8.940840e-02
 146.500000   5.410396e-07       8.940894e-02
 147.500000   4.814611e-07       8.940942e-02
 148.500000   4.462675e-07       8.940986e-02
 149.500000   4.652968e-07       8.941033e-02
 150.500000   4.896761e-07       8.941082e-02
 151.500000   4.521158e-07       8.941127e-02
 152.500000   4.056728e-07       8.941168e-02
 153.500000   3.854343e-07       8.941206e-02
 154.500000   4.022123e-07       8.941246e-02
 155.500000   4.108577e-07       8.941288e-02
 156.500000   3.787476e-07       8.941325e-02
 157.500000   3.469254e-07       8.941360e-02
 158.500000   3.321165e-07       8.941393e-02
 159.500000   3.435011e-07       8.941428e-02
 160.500000   3.439039e-07       8.941462e-02
 161.500000   3.230207e-07       8.941494e-02
 162.500000   2.996452e-07       8.941524e-02
 163.500000   2.854698e-07       8.941553e-02
 164.500000   2.941761e-07       8.941582e-02
 165.500000   2.890065e-07       8.941611e-02
 166.500000   2.760186e-07       8.941639e-02
 167.500000   2.624826e-07       8.941665e-02
 168.500000   2.475884e-07       8.941690e-02
 169.500000   2.513890e-07       8.941715e-02
 170.500000   2.451409e-07       8.941739e-02
 171.500000   2.351867e-07       8.941763e-02
 172.500000   2.282839e-07       8.941786e-02
 173.500000   2.177622e-07       8.941808e-02
 174.500000   2.145930e-07       8.941829e-02
 175.500000   2.110085e-07       8.941850e-02
 176.500000   2.041573e-07       8.941871e-02
 177.500000   1.952032e-07       8.941890e-02
 178.500000   1.924043e-07       8.941909e-02
 179.500000   1.855139e-07       8.941928e-02
 180.500000   1.801098e-07       8.941946e-02
 181.500000   1.817224e-07       8.941964e-02
 182.500000   1.694063e-07       8.941981e-02
 183.500000   1.664064e-07       8.941998e-02
 184.500000   1.671034e-07       8.942014e-02
 185.500000   1.569232e-07       8.942030e-02
 186.500000   1.569880e-07       8.942046e-02
 187.500000   1.537004e-07       8.942061e-02
 188.500000   1.451056e-07       8.942076e-02
 189.500000   1.436973e-07       8.942090e-02
 190.500000   1.446111e-07       8.942104e-02
 191.500000   1.389952e-07       8.942118e-02
 192.500000   1.352176e-07       8.942132e-02
 193.500000   1.352939e-07       8.942145e-02
 194.500000   1.259568e-07       8.942158e-02
 195.500000   1.230355e-07       8.942170e-02
 196.500000   1.260726e-07       8.942183e-02
 197.500000   1.217750e-07       8.942195e-02
 198.500000   1.197852e-07       8.942207e-02
 199.500000   1.177522e-07       8.942219e-02
 200.500000   1.134951e-07       8.942230e-02
 201.500000   1.079410e-07       8.942241e-02
 202.500000   1.070235e-07       8.942252e-02
 203.500000   1.079209e-07       8.942262e-02
 204.500000   1.038347e-07       8.942273e-02
 205.500000   1.033001e-07       8.942283e-02
 206.500000   1.011188e-07       8.942293e-02
 207.500000   9.668185e-08       8.942303e-02
 208.500000   9.445339e-08       8.942312e-02
 209.500000   9.297272e-08       8.942322e-02
 210.500000   9.262093e-08       8.942331e-02
 211.500000   8.960897e-08       8.942340e-02
 212.500000   8.851264e-08       8.942349e-02
 213.500000   8.671639e-08       8.942357e-02
 214.500000   8.317685e-08       8.942366e-02
 215.500000   8.220662e-08       8.942374e-02
 216.500000   8.085751e-08       8.942382e-02
 217.500000   8.015047e-08       8.942390e-02
 218.500000   7.772326e-08       8.942398e-02
 219.500000   7.545222e-08       8.942405e-02
 220.500000   7.434158e-08       8.942413e-02
 221.500000   7.175917e-08       8.942420e-02
 222.500000   7.085520e-08       8.942427e-02
 223.500000   6.980991e-08       8.942434e-02
 224.500000   6.953174e-08       8.942441e-02
 225.500000   6.754825e-08       8.942448e-02
 226.500000   6.421568e-08       8.942454e-02
 227.500000   6.357547e-08       8.942461e-02
 228.500000   6.174748e-08       8.942467e-02
 229.500000   6.047406e-08       8.942473e-02
 230.500000   5.965107e-08       8.942479e-02
 231.500000   5.984049e-08       8.942485e-02
 232.500000   5.946457e-08       8.942491e-02
 233.500000   5.567153e-08       8.942496e-02
 234.500000   5.361227e-08       8.942502e-02
 235.500000   5.273039e-08       8.942507e-02
 236.500000   5.157797e-08       8.942512e-02
 237.500000   5.074769e-08       8.942517e-02
 238.500000   5.056244e-08       8.942522e-02
 239.500000   5.151449e-08       8.942527e-02
 240.500000   5.016666e-08       8.942532e-02
 241.500000   4.715078e-08       8.942537e-02
 242.500000   4.474272e-08       8.942542e-02
 243.500000   4.355960e-08       8.942546e-02
 244.500000   4.283859e-08       8.942550e-02
 245.500000   4.245444e-08       8.942554e-02
 246.500000   4.339007e-08       8.942559e-02
 247.500000   4.369965e-08       8.942563e-02
 248.500000   4.347165e-08       8.942567e-02
 249.500000   4.085462e-08       8.942572e-02
 250.500000   3.726373e-08       8.942575e-02
 251.500000   3.619444e-08       8.942579e-02
 252.500000   3.511210e-08       8.942582e-02
 253.500000   3.544963e-08       8.942586e-02
 254.500000   3.652009e-08       8.942590e-02
 255.500000   3.695666e-08       8.942593e-02
 256.500000   3.826470e-08       8.942597e-02
 257.500000   3.657892e-08       8.942601e-02
 258.500000   3.244166e-08       8.942604e-02
 259.500000   2.997463e-08       8.942607e-02
 260.500000   2.905204e-08       8.942610e-02
 261.500000   2.937654e-08       8.942613e-02
 262.500000   3.025380e-08       8.942616e-02
 263.500000   3.084067e-08       8.942619e-02
 264.500000   3.256540e-08       8.942622e-02
 265.500000   3.390290e-08       8.942626e-02
 266.500000   3.033913e-08       8.942629e-02
 267.500000   2.589258e-08       8.942631e-02
 268.500000   2.463481e-08       8.942634e-02
 269.500000   2.413372e-08       8.942636e-02
 270.500000   2.506735e-08       8.942639e-02
 271.500000   2.585812e-08       8.942641e-02
 272.500000   2.644015e-08       8.942644e-02
 273.500000   2.934706e-08       8.942647e-02
 274.500000   2.979262e-08       8.942650e-02
 275.500000   2.528144e-08       8.942652e-02
 276.500000   2.142212e-08       8.942654e-02
 277.500000   2.062435e-08       8.942657e-02
 278.500000   2.079757e-08       8.942659e-02
 279.500000   2.152112e-08       8.942661e-02
 280.500000   2.239247e-08       8.942663e-02
 281.500000   2.316042e-08       8.942665e-02
 282.500000   2.579304e-08       8.942668e-02
 283.500000   2.622095e-08       8.942671e-02
 284.500000   2.193775e-08       8.942673e-02
 285.500000   1.843327e-08       8.942675e-02
 286.500000   1.780919e-08       8.942676e-02
 287.500000   1.813206e-08       8.942678e-02
 288.500000   1.884630e-08       8.942680e-02
 289.500000   1.969896e-08       8.942682e-02
 290.500000   2.032177e-08       8.942684e-02
 291.500000   2.187970e-08       8.942686e-02
 292.500000   2.298447e-08       8.942689e-02
 293.500000   2.020626e-08       8.942691e-02
 294.500000   1.668864e-08       8.942692e-02
 295.500000   1.580913e-08       8.942694e-02
 296.500000   1.610170e-08       8.942695e-02
 297.500000   1.681116e-08       8.942697e-02
 298.500000   1.745831e-08       8.942699e-02
 299.500000   1.795659e-08       8.942701e-02
 300.500000   1.850639e-08       8.942702e-02
 301.500000   1.953233e-08       8.942704e-02
 302.500000   1.901258e-08       8.942706e-02
 303.500000   1.617863e-08       8.942708e-02
 304.500000   1.456546e-08       8.942709e-02
 305.500000   1.463314e-08       8.942711e-02
 306.500000   1.505753e-08       8.942712e-02
 307.500000   1.559873e-08       8.942714e-02
 308.500000   1.586060e-08       8.942716e-02
 309.500000   1.617999e-08       8.942717e-02
 310.500000   1.649024e-08       8.942719e-02
 311.500000   1.688021e-08       8.942720e-02
 312.500000   1.599229e-08       8.942722e-02
 313.500000   1.422329e-08       8.942724e-02
 314.500000   1.351419e-08       8.942725e-02
 315.500000   1.359783e-08       8.942726e-02
 316.500000   1.401186e-08       8.942728e-02
 317.500000   1.412715e-08       8.942729e-02
 318.500000   1.436464e-08       8.942730e-02
 319.500000   1.450347e-08       8.942732e-02
 320.500000   1.453533e-08       8.942733e-02
 321.500000   1.480646e-08       8.942735e-02
 322.500000   1.392349e-08       8.942736e-02
 323.500000   1.305869e-08       8.942738e-02
 324.500000   1.253338e-08       8.942739e-02
 325.500000   1.245299e-08       8.942740e-02
 326.500000   1.301706e-08       8.942741e-02
 327.500000   1.270652e-08       8.942743e-02
 328.500000   1.294904e-08       8.942744e-02
 329.500000   1.312699e-08       8.942745e-02
 330.500000   1.287068e-08       8.942747e-02
 331.500000   1.305042e-08       8.942748e-02
 332.500000   1.246355e-08       8.942749e-02
 333.500000   1.196929e-08       8.942750e-02
 334.500000   1.167168e-08       8.942751e-02
 335.500000   1.148192e-08       8.942753e-02
 336.500000   1.168840e-08       8.942754e-02
 337.500000   1.181395e-08       8.942755e-02
 338.500000   1.175203e-08       8.942756e-02
 339.500000   1.162582e-08       8.942757e-02
 340.500000   1.179915e-08       8.942758e-02
 341.500000   1.130174e-08       8.942760e-02
 342.500000   1.128088e-08       8.942761e-02
 343.500000   1.123039e-08       8.942762e-02
 344.500000   1.044867e-08       8.942763e-02
 345.500000   1.092835e-08       8.942764e-02
 346.500000   1.068294e-08       8.942765e-02
 347.500000   1.051415e-08       8.942766e-02
 348.500000   1.097453e-08       8.942767e-02
 349.500000   1.040962e-08       8.942768e-02
 350.500000   1.057024e-08       8.942769e-02
 351.500000   1.046724e-08       8.942770e-02
 352.500000   9.966080e-09       8.942771e-02
 353.500000   1.015644e-08       8.942772e-02
 354.500000   1.015594e-08       8.942773e-02
 355.500000   9.760323e-09       8.942774e-02
 356.500000   9.686554e-09       8.942775e-02
 357.500000   1.002297e-08       8.942776e-02
 358.500000   9.514084e-09       8.942777e-02
 359.500000   9.711601e-09       8.942778e-02
 360.500000   9.730579e-09       8.942779e-02
 361.500000   9.066672e-09       8.942780e-02
 362.500000   9.704395e-09       8.942781e-02
 363.500000   9.211102e-09       8.942782e-02
 364.500000   8.779536e-09       8.942783e-02
 365.500000   9.437251e-09       8.942784e-02
 366.500000   9.060510e-09       8.942785e-02
 367.500000   8.743077e-09       8.942786e-02
 368.500000   8.854619e-09       8.942786e-02
 369.500000   8.955112e-09       8.942787e-02
 370.500000   8.581229e-09       8.942788e-02
 371.500000   8.691717e-09       8.942789e-02
 372.500000   8.560911e-09       8.942790e-02
 373.500000   8.110624e-09       8.942791e-02
 374.500000   8.873529e-09       8.942792e-02
 375.500000   8.325064e-09       8.942792e-02
 376.500000   7.777079e-09       8.942793e-02
 377.500000   8.489080e-09       8.942794e-02
 378.500000   8.269934e-09       8.942795e-02
 379.500000   7.856848e-09       8.942796e-02
 380.500000   7.749695e-09       8.942797e-02
 381.500000   7.961238e-09       8.942797e-02
 382.500000   7.774298e-09       8.942798e-02
 383.500000   7.778198e-09       8.942799e-02
 384.500000   7.724478e-09       8.942800e-02
 385.500000   7.184092e-09       8.942800e-02
 386.500000   7.910593e-09       8.942801e-02
 387.500000   7.747037e-09       8.942802e-02
 388.500000   6.934859e-09       8.942803e-02
 389.500000   7.291610e-09       8.942803e-02
 390.500000   7.525523e-09       8.942804e-02
 391.500000   7.238488e-09       8.942805e-02
 392.500000   6.675051e-09       8.942805e-02
 393.500000   7.007369e-09       8.942806e-02
 394.500000   7.097749e-09       8.942807e-02
 395.500000   6.900778e-09       8.942808e-02
 396.500000   7.021360e-09       8.942808e-02
 397.500000   6.337832e-09       8.942809e-02
 398.500000   6.715757e-09       8.942810e-02
 399.500000   7.156770e-09       8.942810e-02
 400.500000   6.531447e-09       8.942811e-02
 401.500000   6.167212e-09       8.942812e-02
 402.500000   6.401049e-09       8.942812e-02
 403.500000   6.893536e-09       8.942813e-02
 404.500000   6.216448e-09       8.942814e-02
 405.500000   5.827218e-09       8.942814e-02
 406.500000   6.131434e-09       8.942815e-02
 407.500000   6.195135e-09       8.942815e-02
 408.500000   6.384741e-09       8.942816e-02
 409.500000   5.869174e-09       8.942817e-02
 410.500000   5.603263e-09       8.942817e-02
 411.500000   5.880416e-09       8.942818e-02
 412.500000   6.269460e-09       8.942818e-02
 413.500000   5.976287e-09       8.942819e-02
 414.500000   5.178564e-09       8.942819e-02
 415.500000   5.664502e-09       8.942820e-02
 416.500000   5.904134e-09       8.942821e-02
 417.500000   5.626600e-09       8.942821e-02
 418.500000   5.229328e-09       8.942822e-02
 419.500000   4.966472e-09       8.942822e-02
 420.500000   5.544040e-09       8.942823e-02
 421.500000   5.474706e-09       8.942823e-02
 422.500000   5.269892e-09       8.942824e-02
 423.500000   4.976902e-09       8.942824e-02
 424.500000   4.808406e-09       8.942825e-02
 425.500000   5.470926e-09       8.942825e-02
 426.500000   5.311423e-09       8.942826e-02
 427.500000   4.779759e-09       8.942826e-02
 428.500000   4.624661e-09       8.942827e-02
 429.500000   4.908294e-09       8.942827e-02
 430.500000   5.077568e-09       8.942828e-02
 431.500000   4.709579e-09       8.942828e-02
 432.500000   4.437628e-09       8.942829e-02
 433.500000   4.328368e-09       8.942829e-02
 434.500000   4.775954e-09       8.942830e-02
 435.500000   4.746873e-09       8.942830e-02
 436.500000   4.312069e-09       8.942831e-02
 437.500000   4.313307e-09       8.942831e-02
 438.500000   4.116441e-09       8.942831e-02
 439.500000   4.568168e-09       8.942832e-02
 440.500000   4.579642e-09       8.942832e-02
 441.500000   3.973373e-09       8.942833e-02
 442.500000   4.056533e-09       8.942833e-02
 443.500000   4.151305e-09       8.942834e-02
 444.500000   4.237419e-09       8.942834e-02
 445.500000   4.059088e-09       8.942834e-02
 446.500000   3.735162e-09       8.942835e-02
 447.500000   3.680434e-09       8.942835e-02
 448.500000   3.943048e-09       8.942835e-02
 449.500000   4.073699e-09       8.942836e-02
 450.500000   3.663867e-09       8.942836e-02
 451.500000   3.646382e-09       8.942837e-02
 452.500000   3.540501e-09       8.942837e-02
 453.500000   3.607152e-09       8.942837e-02
 454.500000   3.957470e-09       8.942838e-02
 455.500000   3.496476e-09       8.942838e-02
 456.500000   3.328203e-09       8.942838e-02
 457.500000   3.504109e-09       8.942839e-02
 458.500000   3.478843e-09       8.942839e-02
 459.500000   3.437064e-09       8.942839e-02
 460.500000   3.279080e-09       8.942840e-02
 461.500000   3.115562e-09       8.942840e-02
 462.500000   3.119123e-09       8.942840e-02
 463.500000   3.438125e-09       8.942841e-02
 464.500000   3.250266e-09       8.942841e-02
 465.500000   2.959437e-09       8.942841e-02
 466.500000   3.116856e-09       8.942842e-02
 467.500000   2.913758e-09       8.942842e-02
 468.500000   3.000312e-09       8.942842e-02
 469.500000   3.130244e-09       8.942843e-02
 470.500000   2.869170e-09       8.942843e-02
 471.500000   2.823930e-09       8.942843e-02
 472.500000   2.929330e-09       8.942843e-02
 473.500000   2.919248e-09       8.942844e-02
 474.500000   2.736921e-09       8.942844e-02
 475.500000   2.739046e-09       8.942844e-02
 476.500000   2.600919e-09       8.942845e-02
 477.500000   2.521162e-09       8.942845e-02
 478.500000   2.820138e-09       8.942845e-02
 479.500000   2.680997e-09       8.942845e-02
 480.500000   2.494732e-09       8.942846e-02
 481.500000   2.548687e-09       8.942846e-02
 482.500000   2.498371e-09       8.942846e-02
 483.500000   2.425265e-09       8.942846e-02
 484.500000   2.439918e-09       8.942847e-02
 485.500000   2.444461e-09       8.942847e-02
 486.500000   2.282003e-09       8.942847e-02
 487.500000   2.401894e-09       8.942847e-02
 488.500000   2.450165e-09       8.942848e-02
 489.500000   2.222075e-09       8.942848e-02
 490.500000   2.289747e-09       8.942848e-02
 491.500000   2.227649e-09       8.942848e-02
 492.500000   2.082844e-09       8.942848e-02
 493.500000   2.139337e-09       8.942849e-02
 494.500000   2.225554e-09       8.942849e-02
 495.500000   2.193029e-09       8.942849e-02
 496.500000   2.054839e-09       8.942849e-02
 497.500000   2.104972e-09       8.942850e-02
 498.500000   2.044974e-09       8.942850e-02
 499.500000   1.942517e-09       8.942850e-02
 500.500000   2.004207e-09       8.942850e-02
 501.500000   1.932035e-09       8.942850e-02
 502.500000   1.901974e-09       8.942850e-02
 503.500000   2.013037e-09       8.942851e-02
 504.500000   1.999768e-09       8.942851e-02
 505.500000   1.827609e-09       8.942851e-02
 506.500000   1.846286e-09       8.942851e-02
 507.500000   1.873922e-09       8.942851e-02
 508.500000   1.684244e-09       8.942852e-02
 509.500000   1.702652e-09       8.942852e-02
 510.500000   1.796208e-09       8.942852e-02
 511.500000   1.831234e-09       8.942852e-02
 512.500000   1.817461e-09       8.942852e-02
 513.500000   1.698388e-09       8.942853e-02
 514.500000   1.694721e-09       8.942853e-02
 515.500000   1.644991e-09       8.942853e-02
 516.500000   1.591969e-09       8.942853e-02
 517.500000   1.580305e-09       8.942853e-02
 518.500000   1.504320e-09       8.942853e-02
 519.500000   1.635995e-09       8.942853e-02
 520.500000   1.755330e-09       8.942854e-02
 521.500000   1.608482e-09       8.942854e-02
 522.500000   1.502197e-09       8.942854e-02
 523.500000   1.552432e-09       8.942854e-02
 524.500000   1.471611e-09       8.942854e-02
 525.500000   1.348765e-09       8.942854e-02
 526.500000   1.387424e-09       8.942855e-02
 527.500000   1.453525e-09       8.942855e-02
 528.500000   1.580241e-09       8.942855e-02
 529.500000   1.575553e-09       8.942855e-02
 530.500000   1.418541e-09       8.942855e-02
 531.500000   1.435749e-09       8.942855e-02
 532.500000   1.394933e-09       8.942855e-02
 533.500000   1.282621e-09       8.942856e-02
 534.500000   1.245894e-09       8.942856e-02
 535.500000   1.242454e-09       8.942856e-02
 536.500000   1.402284e-09       8.942856e-02
 537.500000   1.523159e-09       8.942856e-02
 538.500000   1.392793e-09       8.942856e-02
 539.500000   1.275317e-09       8.942856e-02
 540.500000   1.333989e-09       8.942856e-02
 541.500000   1.271395e-09       8.942857e-02
 542.500000   1.115309e-09       8.942857e-02
 543.500000   1.107576e-09       8.942857e-02
 544.500000   1.179480e-09       8.942857e-02
 545.500000   1.366445e-09       8.942857e-02
 546.500000   1.438116e-09       8.942857e-02
 547.500000   1.249643e-09       8.942857e-02
 548.500000   1.210755e-09       8.942857e-02
 549.500000   1.248832e-09       8.942858e-02
 550.500000   1.149492e-09       8.942858e-02
 551.500000   1.046802e-09       8.942858e-02
 552.500000   1.032014e-09       8.942858e-02
 553.500000   1.112988e-09       8.942858e-02
 554.500000   1.300139e-09       8.942858e-02
 555.500000   1.360544e-09       8.942858e-02
 556.500000   1.152558e-09       8.942858e-02
 557.500000   1.104541e-09       8.942859e-02
 558.500000   1.173237e-09       8.942859e-02
 559.500000   1.058440e-09       8.942859e-02
 560.500000   9.776029e-10       8.942859e-02
 561.500000   9.640440e-10       8.942859e-02
 562.500000   1.043633e-09       8.942859e-02
 563.500000   1.235131e-09       8.942859e-02
 564.500000   1.275233e-09       8.942859e-02
 565.500000   1.120819e-09       8.942859e-02
 566.500000   1.034221e-09       8.942860e-02
 567.500000   1.104503e-09       8.942860e-02
 568.500000   1.034205e-09       8.942860e-02
 569.500000   9.253793e-10       8.942860e-02
 570.500000   9.417399e-10       8.942860e-02
 571.500000   9.803010e-10       8.942860e-02
 572.500000   1.138506e-09       8.942860e-02
 573.500000   1.220615e-09       8.942860e-02
 574.500000   1.079624e-09       8.942860e-02
 575.500000   9.813910e-10       8.942860e-02
 576.500000   1.022569e-09       8.942861e-02
 577.500000   1.007909e-09       8.942861e-02
 578.500000   8.976043e-10       8.942861e-02
 579.500000   8.944453e-10       8.942861e-02
 580.500000   9.207003e-10       8.942861e-02
 581.500000   1.029790e-09       8.942861e-02
 582.500000   1.160423e-09       8.942861e-02
 583.500000   1.063076e-09       8.942861e-02
 584.500000   9.629131e-10       8.942861e-02
 585.500000   9.605262e-10       8.942861e-02
 586.500000   9.813149e-10       8.942862e-02
 587.500000   9.237276e-10       8.942862e-02
 588.500000   8.476005e-10       8.942862e-02
 589.500000   9.009262e-10       8.942862e-02
 590.500000   9.450360e-10       8.942862e-02
 591.500000   1.054098e-09       8.942862e-02
 592.500000   1.087975e-09       8.942862e-02
 593.500000   9.441471e-10       8.942862e-02
 594.500000   9.115206e-10       8.942862e-02
 595.500000   9.339364e-10       8.942862e-02
 596.500000   9.080304e-10       8.942862e-02
 597.500000   8.489665e-10       8.942863e-02
 598.500000   8.448663e-10       8.942863e-02
