  1 G000.1169-00.5703 17 48 07.70 -29 07 55.5  38  44 <  0.074 <  0.150 <  0.086    0.255    8.730   28.300 < 22.000   126.5  92 -99
  2 G000.3100-01.0495 17 50 27.59 -29 12 46.8  16  25 <  0.258 <  0.149 <  0.114    0.041    0.453    0.450 <  2.000    24.6 132 -99
  3 G001.0563-00.1499 17 48 41.78 -28 06 37.8  13  21 <  0.139 <  0.120 <  0.230    0.710   13.305   39.000 < 20.000   372.6  95 -99
  4 G001.2588-00.0780 17 48 53.40 -27 53 59.7  17  19 <  0.065 <  0.375 <  0.062    0.108    1.023    3.910 <  7.000   355.0  89 -99
  5 G003.5118-00.0470 17 53 56.10 -25 56 50.3  12  23 <  0.055 <  0.038 <  0.020 <  0.010    0.273 <  0.400 <  3.800   -99.9 -99 -99
  6 G003.7391+00.1425 17 53 43.26 -25 39 19.2  11  17 <  0.086 <  0.061 <  0.059 <  0.025    0.370    1.300 <  6.400    56.2  90 -99
  7 G003.8417-01.0440 17 58 30.64 -26 09 49.1  13  13    0.103    0.106    0.496    1.311    0.830   21.700   10.600   179.3  61  80
  8 G004.3087+00.2222 17 54 41.61 -25 07 25.6  10  12 <  0.083 <  0.250 <  0.056 <  0.093    0.609    4.700    2.400    59.8  76  77
  9 G004.7315-00.3875 17 57 57.62 -25 03 53.6   9  10 <  0.017 <  0.015 <  0.017 <  0.015    0.391    3.300 <  4.800    45.7  75 -99
 10 G004.8449-00.9309 18 00 17.51 -25 14 14.7   9  13 <  0.195 <  0.114 <  0.079    0.054    0.259 <  0.100 <  2.300   -99.9 -99 -99
 11 G005.5941+00.7335 17 55 36.25 -23 45 21.8   9  11 <  0.116 <  0.076 <  0.032    0.086    0.758    0.500 <  0.200    14.1 158 -99
 12 G005.6985-00.6350 18 01 06.15 -24 21 34.4  16  19 <  0.048 <  0.030 <  0.052 <  0.116    1.795 <  1.100 <  3.300   -99.9 -99 -99
 14 G006.2977-00.2012 18 00 40.59 -23 36 50.7  17  15 <  0.089 <  0.064 <  0.029    0.060    1.065    7.500 <  1.100   123.0  77 -99
 15 G006.3600-00.1846 18 00 44.92 -23 33 06.3   7  10 <  0.034 <  0.188 <  0.024 <  0.054    0.318 <  5.700 <  1.000   -99.9 -99 -99
 16 G006.8933+00.0743 18 00 55.27 -22 57 36.9  14  12 <  0.080 <  0.053 <  0.101 <  0.122    2.274    7.100 <  1.000    80.8  93 -99
 17 G007.5265-00.2652 18 03 33.49 -22 34 38.3   4   6 <  0.109 <  0.072 <  0.024 <  0.019    0.266 <  0.400 <  1.300   -99.9 -99 -99
 18 G008.3690+00.0239 18 04 15.53 -21 42 05.3  27  16 <  0.164 <  0.131 <  0.131    0.189    3.254    1.800 <  6.400   112.5 172 -99
 19 G009.0177+00.1410 18 05 11.21 -21 04 43.3  15  17 <  0.052 <  0.033 <  0.030 <  0.005    0.226 <  0.330 <  2.000   -99.9 -99 -99
 20 G009.6852-00.2025 18 07 51.86 -20 39 48.8   7  10 <  0.026 <  0.017 <  0.010 <  0.027    0.111 <  0.070 <  0.700   -99.9 -99 -99
 21 G010.1395-00.0350 18 08 10.89 -20 11 06.4  21  17 <  0.038 <  0.033 <  0.157 <  0.496    1.137    3.700 <  1.900    84.4  92 -99
 22 G010.1641-00.0380 18 08 14.61 -20 09 54.2   6  11 <  0.052 <  0.035 <  0.027 <  0.038    0.321 <  3.400 <  4.800   -99.9 -99 -99
 23 G010.2414-00.5411 18 10 14.55 -20 20 10.3   9   7 <  0.117 <  0.077 <  0.068 <  0.031    0.154    0.740 <  1.700    38.7  84 -99
 24 G010.3576+00.1878 18 07 48.21 -19 53 10.4   9  10 <  0.014 <  0.015 <  0.005 <  0.018    0.365 <  0.700 <  0.700   -99.9 -99 -99
 25 G010.5863-00.4140 18 10 30.90 -19 58 39.4   9  10    0.038    0.039    0.250    0.720   37.718   27.300 < 15.000   105.4 151 -99
 26 G011.0709-00.5437 18 11 59.42 -19 36 55.4   8   9 <  0.009 <  0.009 <  0.005 <  0.025    0.990    0.210 <  1.500    14.1 390 -99
 27 G011.1189-00.5784 18 12 13.06 -19 35 23.9   6  10 <  0.006 <  0.003 <  0.002 <  0.004    0.743 <  0.150 <  1.000     7.0 -99 -99
 28 G011.6548+00.4943 18 09 20.03 -18 36 11.5  23  21 <  0.009 <  0.003 <  0.002 <  0.024    3.178    1.670 <  1.300    21.1 177 -99
 29 G011.9160+00.7043 18 09 05.53 -18 16 22.7  11  12    0.011    0.020    0.027    0.047    0.790    1.300 <  0.900    52.7 111 -99
 30 G011.9346+00.7785 18 08 51.41 -18 13 14.8   5   6 <  0.003 <  0.003 <  0.019 <  0.043    0.410 <  0.600 <  0.200   -99.9 -99 -99
 31 G012.0200+00.8194 18 08 52.82 -18 07 34.5  24  17 <  0.006 <  0.293 <  0.006 <  0.045    0.701 <  1.800 <  5.000   -99.9 -99 -99
 32 G012.3407-00.3949 18 14 00.85 -18 25 47.3   5   7 <  0.002 <  0.001 <  0.003 <  0.001    1.929    1.490 <  1.600    17.6 147 -99
 33 G012.3661-00.1518 18 13 09.96 -18 17 27.9  15  11 <  0.006 <  0.012 <  0.008 <  0.041    0.990    1.950 <  3.900    17.6 105 -99
 34 G012.6748+00.6519 18 10 49.61 -17 38 02.5   6   8 <  0.042 <  0.028 <  0.019 <  0.017    1.065    0.230 <  0.170     3.5 380 -99
 35 G012.6765+00.6898 18 10 41.45 -17 36 51.3  13   9 <  0.011 <  0.019 <  0.013 <  0.024    2.074    3.970 <  0.800    66.8 106 -99
 36 G012.8263-00.1278 18 14 00.28 -17 52 32.1  10   9 <  0.017 <  0.022 <  0.033    0.089   10.436    4.200 <  0.700    14.1 208 -99
 37 G013.0398-00.2281 18 14 48.21 -17 44 09.6   6   7 <  0.018 <  0.015 <  0.016 <  0.010    1.420 <  0.300 <  2.000   -99.9 -99 -99
 38 G013.2387+00.2138 18 13 34.47 -17 21 00.0   8   8 <  0.003 <  0.004 <  0.004 <  0.005    0.342 <  0.200 <  1.000   -99.9 -99 -99
 40 G013.5120+00.2378 18 14 02.03 -17 05 54.8  11  12 <  0.034 <  0.030 <  0.017 <  0.012    1.163    0.660 <  1.600     7.0 170 -99
 41 G013.6983-00.1619 18 15 52.56 -17 07 32.2  14   5 <  0.022 <  0.013 <  0.023    0.050    0.962    1.350 <  1.700    17.6 117 -99
 42 G013.7085-00.2417 18 16 11.41 -17 09 16.7   6   7 <  0.009 <  0.016 <  0.031 <  0.072    3.801   10.500    7.400    94.9  96  61
 43 G013.7925-00.2591 18 16 25.29 -17 05 20.5  10   7 <  0.002 <  0.002 <  0.002 <  0.027    1.105 <  0.200 <  0.900   -99.9 -99 -99
 44 G014.3151+00.1319 18 16 01.43 -16 26 36.0  23  11 <  0.047 <  0.059 <  0.001 <  0.021   18.801   15.000 <  1.370    38.7 145 -99
 45 G014.3196-00.1376 18 17 01.31 -16 34 03.2   6   6 <  0.011 <  0.746 <  0.015 <  0.042    0.477    2.800 <  2.500    17.6  80 -99
 46 G014.4703-00.6427 18 19 10.60 -16 40 27.0  18  19 <  0.048 <  0.054 <  0.028    0.043   33.725   14.000 <  6.000    49.2 204 -99
 47 G014.5184+00.2255 18 16 05.05 -16 13 11.9   9   8 <  0.017 <  0.012 <  0.012 <  0.001    0.555 <  0.300 <  0.800   -99.9 -99 -99
 48 G014.6202+00.8992 18 13 49.35 -15 48 32.5  11   8 <  0.007 <  0.003 <  0.005 <  0.005    0.590 <  0.100 <  0.800   -99.9 -99 -99
 49 G014.6528-00.3700 18 18 32.06 -16 23 03.8   8  10 <  0.001 <  0.003 <  0.048    0.050    6.831    3.560 <  2.000    21.1 178 -99
 50 G014.6719-00.4770 18 18 57.91 -16 25 05.5  11   9 <  0.030 <  0.021 <  0.034 <  0.105   20.425    6.510 <  0.700    31.6 248 -99
 51 G015.0749-00.6461 18 20 22.75 -16 08 34.2   3   3  -99.999  -99.999  -99.999  -99.999  -99.999  -99.999  -99.999   -99.9 -99 -99
 52 G015.0812-00.6570 18 20 25.91 -16 08 32.4   3   3  -99.999  -99.999  -99.999  -99.999  -99.999  -99.999  -99.999   -99.9 -99 -99
 53 G015.1032-00.6489 18 20 26.71 -16 07 09.1   3   3  -99.999  -99.999  -99.999  -99.999  -99.999  -99.999  -99.999   -99.9 -99 -99
 55 G015.2253+00.3578 18 16 59.88 -15 32 06.8  19  14 <  0.163 <  0.112 <  0.068 <  0.043    0.798    1.740 <  0.650    10.6 102 -99
 56 G015.2977+00.3178 18 17 17.22 -15 29 25.8  20  13 <  0.207 <  0.128 <  0.088 <  0.073    1.015    0.780 <  0.500     7.0 147 -99
 57 G015.3315-00.3692 18 19 52.02 -15 47 09.4   9   8 <  0.009 <  0.013 <  0.013 <  0.024    5.538    1.240 <  0.800    17.6 361 -99
 58 G015.3322-00.2538 18 19 26.74 -15 43 51.0  10   8 <  0.024 <  0.020 <  0.011 <  0.038    4.364 <  0.600 <  1.400   -99.9 -99 -99
 59 G015.8313-00.7623 18 22 17.11 -15 31 48.4   9   7 <  0.041 <  0.032 <  0.018 <  0.017    4.337    1.700 <  0.790    14.1 212 -99
 60 G016.4391-00.8109 18 23 38.70 -15 00 58.1  13  10 <  0.034 <  0.026 <  0.030    0.040    5.299    1.900 <  1.400    21.1 226 -99
 61 G016.8118+00.6679 18 18 58.73 -13 59 28.7  20  18 <  0.113 <  0.097 <  0.643 <  1.916   17.900 <  9.000 <  8.000   -99.9 -99 -99
 62 G016.8760+00.6456 18 19 11.09 -13 56 43.0   7   7 <  0.054 <  0.051 <  0.057 <  0.045    5.143 <  2.400 <  1.700   -99.9 -99 -99
 63 G016.8930+00.6800 18 19 05.58 -13 54 50.6   8  10 <  0.361 <  0.234 <  0.116    0.600   14.306 <  0.800 <  6.100   -99.9 -99 -99
 65 G016.9278+00.6323 18 19 20.04 -13 54 21.3   7   8 <  0.010 <  0.007 <  0.022 <  0.015    4.147 <  1.200 <  2.000   -99.9 -99 -99
 67 G017.0826+00.9744 18 18 23.65 -13 36 27.9   9   9 <  0.053 <  0.064 <  0.024    0.310   27.659    4.410 <  5.400    38.7 708 -99
 68 G017.1263+01.0462 18 18 13.14 -13 32 07.0   6   7 <  0.013 <  0.042 <  0.031    0.141    1.901 <  8.100 <  7.400   -99.9 -99 -99
 69 G017.2748-00.4885 18 24 05.08 -14 07 36.5  11  10 <  0.170 <  0.118 <  0.091 <  0.034    1.581 <  0.600 <  3.100   -99.9 -99 -99
 70 G017.7109-00.3881 18 24 33.59 -13 41 39.8   5   6 <  0.004 <  0.003 <  0.011 <  0.009    1.470    0.610    0.470    14.1 204  57
 71 G017.8231+00.4343 18 21 47.33 -13 12 34.7   6   7 <  0.007 <  0.170 <  0.008 <  0.030    0.570    1.250 <  2.100    10.6 102 -99
 72 G018.2660-00.2988 18 25 18.13 -13 09 43.0  26  26 <  0.058 <  0.030 <  0.478    1.995   47.300   98.000 < 24.000   358.5 104 -99
 73 G018.3242-00.9253 18 27 41.51 -13 24 08.7  10   8 <  0.060 <  0.030 <  0.020    0.024    6.670    4.170    5.080    28.1 162  46
 74 G018.5647-00.5084 18 26 38.14 -12 59 43.8   7   8 <  0.010 <  0.020 <  0.013 <  0.048    2.128 <  0.490 <  2.900   -99.9 -99 -99
 75 G018.6445-00.6650 18 27 21.43 -12 59 52.2   5   6 <  0.020 <  0.010 <  0.010    0.040    0.440    0.350 <  1.100     7.0 145 -99
 76 G018.9724+00.3004 18 24 29.04 -12 15 26.5  32  20 <  0.188 <  0.097 <  0.160 <  0.760   13.091   11.100 < 15.000    14.1 141 -99
 77 G019.0322+00.4252 18 24 08.83 -12 08 46.1   9   9 <  0.051 <  0.037 <  0.066 <  0.103    2.053 <  3.400 <  4.600   -99.9 -99 -99
 78 G019.0965-00.7074 18 28 22.32 -12 37 02.9   7   8 <  0.006 <  0.008 <  0.020 <  0.024    1.495    0.400 <  0.210    17.6 293 -99
 79 G019.3616+00.4490 18 24 41.48 -11 50 37.9   8   6 <  0.073 <  0.042 <  0.032 <  0.030    0.443    0.750 <  0.300    10.6 110 -99
 80 G019.7159-00.2596 18 27 55.71 -11 51 39.1  10  13 <  0.020 <  0.010 <  0.014 <  0.018    2.474 <  7.000 <  4.700   -99.9 -99 -99
 81 G019.7211-00.2822 18 28 01.21 -11 52 00.3   5   6 <  0.016 <  0.012 <  0.010 <  0.010    0.289    0.500 <  0.570     7.0 110 -99
 82 G019.7815+00.2865 18 26 04.75 -11 32 54.5   8   5 <  0.005 <  0.010 <  0.010    0.060    6.300    3.900    3.400    52.7 163  54
 83 G019.8107+00.0965 18 26 49.18 -11 36 42.5   6   7 <  0.003 <  0.002 <  0.010    0.016    0.075    0.370    0.710     7.0  84  38
 84 G019.8405+00.2998 18 26 08.61 -11 19 24.2   6   7 <  0.020 <  0.013 <  0.007    0.065    1.070    1.420    1.610    21.1 119  47
 85 G019.8414+00.0494 18 27 02.97 -11 36 21.5  10   8 <  0.022 <  0.012 <  0.006 <  0.007    0.540 <  0.260 <  0.180   -99.9 -99 -99
 86 G019.9660+00.4735 18 25 45.33 -11 17 52.9   5   6 <  0.048 <  0.030 <  0.031 <  0.001    0.958    0.330 <  0.590     7.0 233 -99
 87 G020.0985-00.7442 18 30 24.48 -11 44 45.3  13   9 <  0.032 <  0.026 <  0.014 <  0.044    3.043    2.740 <  0.340    24.6 138 -99
 88 G020.3592+00.1900 18 27 31.52 -11 04 56.1  10   8 <  0.016 <  0.013 <  0.025 <  0.020    0.307    0.560 <  1.200     7.0 108 -99
 89 G021.3962-00.6159 18 32 23.44 -10 32 13.1   5   5 <  0.001 <  0.001 <  0.004 <  0.017    0.232 <  0.100 <  0.400   -99.9 -99 -99
 90 G021.4977-00.4628 18 32 01.75 -10 22 34.4   6   7 <  0.039 <  0.023 <  0.040 <  0.070    1.221    2.310 <  1.610    35.2 107 -99
 91 G021.5562+00.2488 18 29 34.55 -09 59 41.7   8   7 <  0.033 <  0.021 <  0.016 <  0.005    0.484    0.510 <  0.990     7.0 129 -99
 92 G021.7243-00.1543 18 31 20.59 -10 01 57.6   6   6 <  0.027 <  0.019 <  0.025 <  0.020    0.253 <  0.070 <  0.340   -99.9 -99 -99
 93 G022.0817+00.5951 18 29 19.20 -09 22 07.5   6   9 <  0.021 <  0.014 <  0.012 <  0.002    1.835    0.750 <  0.600     5.3 206 -99
 94 G022.2601+00.6640 18 29 24.47 -09 10 43.6  10  10 <  0.010 <  0.015 <  0.004 <  0.026    0.294    0.910 <  1.880     3.5  93 -99
 95 G022.4107+00.0403 18 31 55.86 -09 20 02.6   4   5 <  0.003 <  0.005 <  0.005 <  0.003    0.781 <  0.340 <  1.280   -99.9 -99 -99
 96 G022.4119-00.2010 18 32 48.06 -09 26 40.1   9  10 <  0.005 <  0.023 <  0.021 <  0.020    6.195 <  5.600 <  1.300   -99.9 -99 -99
 97 G022.4494+00.6869 18 29 40.88 -09 00 01.6   8   7 <  0.008 <  0.005 <  0.006 <  0.009    0.174 <  0.100 <  0.390   -99.9 -99 -99
 98 G022.4699+00.1069 18 31 48.15 -09 15 02.8   5   7 <  0.054 <  0.032 <  0.083 <  0.071    1.328    1.610 <  1.940    24.6 123 -99
 99 G022.9084-00.0552 18 33 12.32 -08 56 12.2  16  15 <  0.110 <  0.102 <  0.080    0.044   15.851   19.100    9.060   105.4 123  82
100 G023.0958+00.4411 18 31 46.45 -08 32 28.7   5   7 <  0.012 <  0.007 <  0.009 <  0.023    1.844    0.320 <  0.860     3.5 566 -99
101 G023.1100+00.5458 18 31 25.52 -08 28 49.1  11   9 <  0.098 <  0.080 <  0.121    0.420   22.103    9.800 <  0.600    94.9 196 -99
102 G023.3731+00.4508 18 32 15.45 -08 17 27.3   7  10 <  0.075 <  0.067    0.362    0.853   12.483 <  0.100 <  0.260   -99.9 -99 -99
103 G023.7793-00.7918 18 37 28.42 -08 30 09.2   5   5 <  0.012 <  0.010 <  0.006 <  0.002    0.254 <  0.350 <  0.820   -99.9 -99 -99
104 G023.8120+00.7307 18 32 04.43 -07 46 20.5  12  10 <  0.011 <  0.010 <  0.016 <  0.191    5.937 <  3.300 <  9.400   -99.9 -99 -99
105 G023.9034+00.0682 18 34 37.06 -07 59 48.8   6   5 <  0.026 <  0.030 <  0.075    0.153   13.532 < 44.000 < 10.000   -99.9 -99 -99
106 G023.9064-00.2380 18 35 43.28 -08 08 06.6   5   5 <  0.002 <  0.002 <  0.011 <  0.035    0.213 <  0.370 <  1.010   -99.9 -99 -99
107 G024.0594-00.7990 18 38 01.15 -08 15 25.2   5   6 <  0.035 <  0.027 <  0.031 <  0.001    2.037    1.200 <  0.830    14.1 167 -99
108 G024.0810+00.1233 18 34 45.03 -07 48 49.9  15  28 <  0.065 <  0.053 <  0.010 <  0.023   10.144 <  6.500 < 16.600   -99.9 -99 -99
109 G024.1355+00.1222 18 34 51.34 -07 45 57.6  11   9    0.181    0.264    0.715    1.573   51.371  101.000   51.000   421.8 105  77
110 G024.1368+00.4279 18 33 45.78 -07 37 26.3  34  16 <  0.054 <  0.059 <  0.247 <  0.764   29.300   35.800   41.900    45.7 123  46
111 G024.2512+00.7906 18 32 40.66 -07 21 18.6  53  81 <  0.200 <  0.132 <  0.139 <  0.205    7.165    9.300 <  5.700     7.0 120 -99
112 G024.2720+00.0767 18 35 16.35 -07 39 56.8   7   7 <  0.050 <  0.038 <  0.063 <  0.075    6.320    6.900 <  7.300    52.7 128 -99
113 G025.4379-00.3288 18 37 02.03 -07 42 17.7  11   8 <  0.012 <  0.011 <  0.012 <  0.025    0.791 <  0.310 <  0.100   -99.9 -99 -99
114 G024.5665+00.9295 18 32 46.05 -07 00 41.0  10   9    0.050 <  0.032 <  0.026 <  0.020    1.130 <  0.410 <  0.550   -99.9 -99 -99
115 G024.6990+00.1167 18 35 55.31 -07 16 05.7   6   7 <  0.080 <  0.067 <  0.091 <  0.133    6.038    3.600 <  1.300    49.2 166 -99
116 G024.9069+00.4487 18 35 07.15 -06 55 51.2  10  10 <  0.005 <  0.006 <  0.009 <  0.013    2.097    0.830 <  0.420     7.0 211 -99
117 G025.2496+00.3842 18 35 59.10 -06 39 22.7  11  10 <  0.245 <  0.153 <  0.098 <  0.027    5.733 <  0.300 <  2.100   -99.9 -99 -99
118 G025.3172-00.4350 18 39 02.50 -06 58 20.7  12  12 <  0.209 <  0.137 <  0.097 <  0.073    9.481    4.100 <  1.300    14.1 199 -99
119 G025.4439+00.2619 18 36 46.92 -06 32 23.9   8   8 <  0.017 <  0.012 <  0.009 <  0.009    1.592 <  2.400 <  4.500   -99.9 -99 -99
120 G025.4535-00.1837 18 38 23.63 -06 44 09.8   8   8 <  0.018 <  0.018 <  0.126 <  0.479    5.072 <  1.120 <  0.610   -99.9 -99 -99
121 G025.4711-00.1248 18 38 12.93 -06 41 36.2   9  10 <  0.004 <  0.017 <  0.032 <  0.035   14.080 <  5.100 <  1.180   -99.9 -99 -99
122 G025.7870+00.3100 18 37 14.67 -06 12 47.3   8   7 <  0.006 <  0.007 <  0.022 <  0.008    0.836 <  0.250 <  0.440   -99.9 -99 -99
123 G026.1437-00.0420 18 39 09.66 -06 03 27.8  29  15    1.149    1.275    1.919    3.889  137.630   88.120 < 37.000   193.3 165 -99
124 G026.5272+00.3808 18 38 21.46 -05 31 22.9  10  13    0.133    0.146    0.209    0.367   27.407    8.150 <  0.820    56.2 264 -99
125 G026.6098+00.3065 18 38 46.51 -05 29 01.4  20  25 <  0.037 <  0.014 <  0.015 <  0.162   11.587   10.600 <  0.650    14.1 137 -99
126 G026.6435-00.0209 18 40 06.79 -05 37 02.9   7  11 <  0.030 <  0.020 <  0.047 <  0.066    1.315    1.370 <  3.800    14.1 130 -99
127 G027.2536+00.2532 18 40 09.04 -04 56 09.4  16  11 <  0.232 <  0.131 <  0.080 <  0.040    1.122 <  2.500 <  3.100   -99.9 -99 -99
128 G027.2833-00.1444 18 41 37.48 -05 05 29.7   8  10 <  0.127 <  0.088 <  0.073    0.220    8.073    4.300 <  1.300   -99.9 176 -99
129 G027.3338+00.1784 18 40 33.91 -04 53 56.1  13  12 <  0.061 <  0.061 <  0.144 <  0.104   19.731   13.800 <  4.900    63.3 153 -99
130 G027.6352+00.0345 18 41 37.94 -04 41 48.6   4   5 <  0.009 <  0.005 <  0.015 <  0.047    0.705 <  0.400 <  0.330   -99.9 -99 -99
131 G027.9931-00.4249 18 43 55.73 -04 35 18.9   5   6 <  0.009 <  0.008 <  0.004 <  0.021    0.178 <  0.210 <  0.850   -99.9 -99 -99
132 G028.0372-00.1213 18 42 55.57 -04 24 38.1   6   8 <  0.019 <  0.008 <  0.009 <  0.003    0.740 <  0.950 <  3.010   -99.9 -99 -99
133 G028.1433+00.1542 18 42 08.28 -04 11 24.9  13   8 <  0.056 <  0.042 <  0.041    0.041    9.605    7.600 <  1.900   -99.9 145 -99
134 G028.5061+00.2057 18 42 04.17 -04 06 39.1   4   5 <  0.002 <  0.002 <  0.001 <  0.003    0.171 <  0.570 <  2.990   -99.9 -99 -99
135 G028.4787-00.0056 18 43 19.37 -03 57 54.1   9  10 <  0.015 <  0.005 <  0.023 <  0.039    1.469 <  1.100 <  3.500   -99.9 -99 -99
136 G028.5028-00.0343 18 43 28.16 -03 57 24.2   5   6 <  0.007 <  0.007 <  0.031 <  0.061    0.903    0.960 <  0.980    14.1 129 -99
137 G028.6301+00.2363 18 42 44.27 -03 43 11.3   8   7 <  0.020 <  0.014 <  0.009 <  0.004    2.491    2.300 <  0.960    14.1 136 -99
138 G028.7070+00.1066 18 43 20.47 -03 42 38.5   7   7 <  0.001 <  0.005 <  0.010 <  0.001    1.273    1.190 <  1.600    14.1 136 -99
139 G028.7214-00.3922 18 45 08.78 -03 55 32.7   4   5 <  0.008 <  0.006 <  0.003 <  0.001    1.152 <  0.630 <  2.950   -99.9 -99 -99
140 G028.7574-00.2740 18 44 47.44 -03 50 23.1   5   6 <  0.001 <  0.002 <  0.007 <  0.018    0.430 <  0.580 <  2.470   -99.9 -99 -99
141 G028.8045+00.2375 18 43 03.19 -03 33 50.9  15  16 <  0.032 <  0.064 <  0.251 <  0.617   87.283 < 35.000 <  5.000   -99.9 -99 -99
142 G028.8142+00.1922 18 43 13.95 -03 34 34.4   5   6    0.118    0.110    0.731    0.270    9.700 < 10.700 <  4.500   -99.9 -99 -99
143 G028.8200+00.2522 18 43 01.75 -03 32 37.1   5   5 <  0.017 <  0.018 <  0.023    0.044    7.010    1.910 <  2.440    17.6 287 -99
144 G029.1883+00.5550 18 42 37.48 -03 04 39.5   8   8 <  0.020 <  0.013 <  0.002 <  0.029    0.757    0.890 <  0.920    10.6 124 -99
145 G029.7810-00.2176 18 46 27.72 -02 54 11.9   8  10 <  0.007 <  0.009 <  0.002 <  0.018    2.202    4.030 <  1.520    35.2 108 -99
146 G030.0488+00.1790 18 45 32.31 -02 29 02.4  16  13 <  0.021 <  0.022 <  0.102 <  0.204    2.926    4.060 <  4.400    17.6 118 -99
147 G030.0539-00.3391 18 47 23.62 -02 42 57.3   9   9 <  0.027 <  0.043 <  0.142    0.281   12.841   21.600    9.600   105.4 111  87
148 G030.3745+00.0252 18 46 40.89 -02 15 51.9  11  10 <  0.047 <  0.037 <  0.099 <  0.135    7.123 < 20.120 < 13.800   -99.9 -99 -99
149 G030.4620+00.3924 18 45 32.01 -02 01 08.2  26  20    0.057    0.050    0.012 <  0.047    8.068    4.990 <  2.920    42.2 163 -99
150 G030.6077-00.6233 18 49 25.06 -02 21 09.7  16  17 <  0.070 <  0.065 <  0.030 <  0.060   17.371 <  2.500 <  0.900   -99.9 -99 -99
151 G030.8694-00.1031 18 48 02.54 -01 52 57.2  12   9 <  0.159 <  0.194 <  1.324 <  2.869   27.706 < 43.000 < 21.000   -99.9 -99 -99
152 G030.9508-00.0459 18 47 59.23 -01 47 02.5   7   6 <  0.029 <  0.026 <  0.021 <  0.095    6.422    1.000 < 10.000    42.2 762 -99
153 G031.0836-00.2126 18 48 49.39 -01 44 30.8  10   8 <  0.014 <  0.011 <  0.022 <  0.053    0.426 <  0.250 <  2.100   -99.9 -99 -99
155 G031.4566+00.3937 18 47 20.71 -01 08 00.2   9  11 <  0.003 <  0.006 <  0.004 <  0.039    1.832    1.300 <  1.750     7.0 152 -99
156 G031.4842+00.4546 18 47 10.72 +01 04 51.7   8   8 <  0.002 <  0.003 <  0.015 <  0.059    0.597 <  0.800 <  1.050   -99.9 -99 -99
157 G031.5390-00.1113 18 49 17.61 -01 17 25.5   6   9 <  0.008 <  0.009 <  0.101 <  0.264    2.740 <  5.200 <  8.100   -99.9 -99 -99
158 G031.6662-00.1285 18 49 35.21 -01 11 06.2   9  11 <  0.011 <  0.002 <  0.017 <  0.041    0.991 <  0.410 <  4.200   -99.9 -99 -99
159 G031.6770+00.1775 18 48 31.03 -01 02 09.2   9  11    0.063    0.085    0.047    0.244   21.351   16.200 <  5.100    70.3 148 -99
160 G031.8412+00.1875 18 48 46.87 -00 53 06.7  10  14 <  0.022 <  0.015 <  0.007 <  0.003    0.547    0.380 <  0.600     3.5 154 -99
161 G031.8695-00.3187 18 50 38.10 -01 05 27.1   4   7 <  0.007 <  0.006 <  0.001 <  0.005    0.527 <  1.060 <  1.440   -99.9 -99 -99
162 G031.9082-00.3435 18 50 47.63 -01 04 03.8   6   7 <  0.003 <  0.003 <  0.002 <  0.001    0.759 <  0.330 <  0.210   -99.9 -99 -99
163 G031.9308+00.2676 18 48 39.54 -00 46 08.1  23  25 <  0.234 <  0.159 <  0.140 <  0.079    2.337    4.170 <  1.100    10.6 109 -99
164 G031.9747+00.3348 18 48 30.02 -00 41 57.0   6   7 <  0.005 <  0.006 <  0.006 <  0.008    0.276    0.150 <  0.320     3.5 174 -99
165 G032.0177-00.4999 18 51 33.03 -01 02 29.7  10   9 <  0.090 <  0.060 <  0.053 <  0.030    0.365    0.580 <  2.210   -99.9 113 -99
166 G032.1157+00.0576 18 49 44.67 -00 42 00.5  12  15 <  0.022 <  0.014 <  0.029 <  0.104   11.951    2.600 <  1.290    24.6 376 -99
167 G032.4839-00.0141 18 50 40.28 -00 24 18.5   9  10 <  0.031 <  0.025 <  0.010 <  0.025    0.971 <  0.860 <  3.200   -99.9 -99 -99
168 G032.6755+00.2023 18 50 15.02 -00 08 09.4   7  11 <  0.021 <  0.017 <  0.010 <  0.005    0.538    0.820 <  0.300    10.6 114 -99
169 G032.7634-00.1990 18 51 50.36 -00 14 26.6   5   5 <  0.006 <  0.004 <  0.001 <  0.017    0.468    0.480 <  0.800    14.1 131 -99
170 G032.8748-00.4286 18 52 51.59 -00 14 46.5   5   7 <  0.013 <  0.008 <  0.039    0.100    1.602    2.800 <  5.300    49.2 109 -99
171 G032.9587-00.1244 18 51 55.80 -00 01 58.4   6   8 <  0.004 <  0.003 <  0.021 <  0.004    1.391    0.230 <  0.340     7.0 638 -99
172 G032.9702-00.2758 18 52 29.39 -00 05 30.1   5   5 <  0.005 <  0.003 <  0.004 <  0.001    0.250 <  0.290 <  0.110   -99.9 -99 -99
173 G032.9844-00.5468 18 53 28.83 -00 12 09.4   7   6 <  0.012 <  0.012 <  0.008    0.041    2.810    2.370 <  0.550    28.1 141 -99
174 G033.1983-00.0107 18 51 57.74 +00 13 55.9  19  20 <  0.131 <  0.108 <  0.087 <  0.256   59.373 < 10.000 <  6.000   703.0 -99 -99
175 G033.4619+00.0732 18 52 08.66 +00 30 18.2  28  28 <  0.052 <  0.052 <  0.031 <  0.015    8.602    5.200 <  4.600    52.7 164 -99
176 G033.8783+00.2033 18 52 26.44 +00 56 05.8  19  27 <  0.055 <  0.035 <  0.038 <  0.070    0.980    2.090 <  0.490    14.1 103 -99
177 G034.1278-00.0007 18 53 37.33 +01 03 50.3  11  11 <  0.018 <  0.015 <  0.010 <  0.013    0.537    0.960 <  3.400    10.6 108 -99
178 G034.3830-00.0360 18 54 12.81 +01 16 29.9   9  10 <  0.007 <  0.010 <  0.018 <  0.054    0.965    0.910 <  0.960    10.6 135 -99
179 G034.4337-00.0722 18 54 26.10 +01 18 12.9  15  13    0.074    0.097    0.335    0.763    9.226   28.700   11.400   175.8  93  98
180 G034.5203-00.4129 18 55 48.36 +01 13 30.8   8   8 <  0.013 <  0.015 <  0.020 <  0.002    0.342 <  1.300 <  1.200   -99.9 -99 -99
181 G034.5407+00.0597 18 54 09.63 +01 27 32.3   6   7 <  0.022 <  0.013 <  0.013 <  0.030    0.542    3.930 <  6.700    17.6  77 -99
182 G034.5572-00.1338 18 54 52.78 +01 23 07.4   5  11 <  0.039 <  0.031 <  0.026 <  0.007    0.961 <  0.300 <  1.900   -99.9 -99 -99
183 G034.7527-00.2934 18 55 48.29 +01 29 11.6  13  11 <  0.004 <  0.001 <  0.009 <  0.070    0.665 <  0.540 <  1.100   -99.9 -99 -99
184 G034.7879-00.1134 18 55 13.69 +01 36 00.0   6  10 <  0.006 <  0.004 <  0.001 <  0.012    0.436 <  0.320 <  0.760   -99.9 -99 -99
185 G034.8307-00.5197 18 56 45.14 +01 27 09.2  11  10 <  0.006 <  0.004 <  0.014 <  0.006    0.421 <  0.250 <  0.200   -99.9 -99 -99
186 G034.8716-00.0879 18 55 17.41 +01 41 10.0  13  14 <  0.057 <  0.048 <  0.044 <  0.040   13.072   17.400 <  3.200    52.7 119 -99
187 G034.9306-00.1331 18 55 33.53 +01 43 04.8   6   7 <  0.001 <  0.001 <  0.005 <  0.010    0.373 <  0.460 <  0.210   -99.9 -99 -99
188 G035.2498-00.1614 18 56 14.56 +01 59 20.8   5   7 <  0.032 <  0.020 <  0.077 <  0.069    1.793    3.800 <  2.200     7.0 103 -99
189 G035.2895-00.4783 18 57 26.62 +01 52 47.3   9   7 <  0.048 <  0.041 <  0.037 <  0.016    0.658 <  0.280 <  0.180   -99.9 -99 -99
190 G035.3342-00.1143 18 56 13.74 +02 05 08.5   8   8 <  0.016 <  0.011 <  0.030 <  0.007    1.556 <  0.200 <  8.600   -99.9 -99 -99
191 G035.3454+00.0083 18 55 48.77 +04 09 05.8  14  14 <  0.023 <  0.023 <  0.016 <  0.031    4.328    7.400 <  2.100    56.2 110 -99
192 G035.5199-00.8758 18 59 16.81 +01 54 11.6  21  38 <  0.019 <  0.019 <  0.028 <  0.004    2.024    2.300 <  2.500     7.0 126 -99
193 G035.5959-00.0288 18 56 24.15 +02 21 27.3  20  12 <  0.018 <  0.042 <  0.021    0.107   86.707 < 51.000 < 24.000   -99.9 -99 -99
194 G035.8210-00.4463 18 58 17.07 +02 21 33.3   5   6 <  0.022 <  0.017 <  0.030 <  0.059    0.877    1.380 <  0.570     7.0 113 -99
195 G036.0914-00.2843 18 58 13.11 +02 40 54.4   4   5 <  0.034 <  0.029 <  0.038 <  0.019    0.779    0.740 <  0.810     3.5 135 -99
196 G036.1893-00.1705 18 57 59.59 +02 49 15.1   6 161 <  0.030 <  0.022 <  0.019 <  0.020    1.913    1.500 <  0.720    21.1 146 -99
197 G036.2865+00.7233 18 54 59.04 +03 18 54.9  20  16 <  0.075 <  0.079 <  0.072 <  0.052   59.604   15.600 <  1.200    70.3 300 -99
198 G036.3971+00.0455 18 57 36.15 +03 06 15.6   6   9 <  0.008 <  0.007 <  0.008 <  0.008    0.683    1.010 <  0.580    14.1 115 -99
199 G037.1750-00.4461 19 00 46.73 +03 34 17.8  29  38 <  0.116 <  0.099 <  0.362 <  0.709   25.956   76.500   37.100 13357.0  94  80
200 G037.2793-00.7766 19 02 08.87 +03 30 47.3  13  14 <  0.011 <  0.007 <  0.006 <  0.022    1.268 <  0.580 <  0.720   -99.9 -99 -99
201 G037.2933+00.6703 18 57 00.85 +04 11 12.9  11  14 <  0.010 <  0.016 <  0.005 <  0.016    4.134    2.200 <  1.500    14.1 176 -99
202 G037.6235+00.3532 18 58 45.03 +04 20 09.2  18  12 <  0.008 <  0.002 <  0.006 <  0.014    1.112    1.630 <  2.520     7.0 115 -99
203 G037.6443+00.3027 18 58 58.13 +04 19 52.7   5   6 <  0.085 <  0.052 <  0.042 <  0.003    4.211 <  0.300 <  4.100   -99.9 -99 -99
204 G037.6475-00.3821 19 01 25.03 +04 01 15.7   7  10 <  0.009 <  0.009 <  0.030 <  0.065    1.182    2.550 <  1.760    10.6 103 -99
205 G037.7584+00.1233 18 59 49.08 +04 21 02.9  10  10 <  0.009 <  0.002 <  0.004 <  0.012    1.229    1.220 <  1.590    10.6 132 -99
206 G037.9798-00.2701 19 01 37.67 +04 22 03.9  13  11 <  0.004 <  0.006 <  0.006 <  0.001    0.972    2.000    2.260    21.1 104  47
207 G038.0177-00.3971 19 02 09.02 +04 20 45.9   9  12 <  0.022 <  0.032 <  0.039 <  0.052   12.598    7.250 <  3.730    35.2 169 -99
208 G038.1254+00.1293 19 00 28.20 +04 40 47.8  14  18 <  0.014 <  0.022 <  0.025 <  0.007    1.912    1.770 <  0.700    14.1 136 -99
209 G038.1499+00.9112 18 57 43.40 +05 03 32.3  17  19 <  0.005 <  0.006 <  0.005 <  0.008    3.000    1.210 <  1.000     3.5 208 -99
210 G038.2354+00.3249 18 59 58.42 +04 52 01.9   5   5 <  0.002 <  0.001 <  0.001 <  0.003    0.123 <  0.120 <  0.110   -99.9 -99 -99
211 G038.9414-00.7446 19 05 05.33 +05 00 17.8   8   8 <  0.023 <  0.018 <  0.008 <  0.011    0.631    0.850 <  0.910     3.5 119 -99
212 G039.0925-00.6915 19 05 10.67 +05 09 48.8  10  20 <  0.005 <  0.003 <  0.003 <  0.001    0.137 <  0.150 <  0.110   -99.9 -99 -99
213 G039.1574-00.0317 19 02 56.51 +05 31 25.6  14  15 <  0.002 <  0.005 <  0.009 <  0.068    3.679    6.200 <  0.400    17.6 110 -99
214 G039.2486-00.0647 19 03 13.66 +05 35 23.0   9  13 <  0.013 <  0.031    0.063    0.435   27.100   29.100 <  4.600   316.4 112  51
215 G039.4470-00.0674 19 03 36.17 +05 45 53.4  12  15 <  0.014 <  0.007 <  0.001 <  0.001    0.984    0.850 <  1.000    10.6 140 -99
216 G039.4551+00.5530 19 01 24.00 +06 03 22.2  11   9 <  0.004 <  0.008 <  0.004 <  0.007    1.279    2.700 <  2.250     7.0 103 -99
217 G039.9449+00.6920 19 01 48.27 +06 33 18.9  10  12 <  0.027 <  0.021 <  0.019 <  0.042    0.706    0.780 <  0.180     3.5 127 -99
218 G040.1095-00.2757 19 05 34.19 +06 15 28.4   6   7 <  0.005 <  0.007 <  0.009 <  0.006    0.609    0.520 <  2.100     3.5 141 -99
219 G040.2891+00.5257 19 03 01.17 +06 46 40.4   6   6 <  0.031 <  0.022 <  0.012 <  0.001    0.427    0.350 <  0.120     1.8 143 -99
220 G040.4658+00.4468 19 03 38.60 +06 54 21.6   6   5 <  0.003 <  0.003 <  0.002 <  0.001    0.190 <  0.150 <  0.110   -99.9 -99 -99
221 G041.0816-00.4178 19 07 52.69 +07 03 20.9  14  10 <  0.014 <  0.014 <  0.008 <  0.012    1.878    2.890 <  0.380    10.6 114 -99
222 G041.1120-00.1753 19 07 04.00 +07 11 39.8   8  10 <  0.008 <  0.012 <  0.004 <  0.012    8.940    6.500 <  4.800    70.3 151 -99
223 G041.3677+00.0870 19 06 36.08 +07 32 31.5   9  10 <  0.004 <  0.002 <  0.019 <  0.030    0.820    1.530 <  1.100    10.6 107 -99
224 G041.5357+00.0349 19 07 05.99 +07 40 02.2   7   7 <  0.002 <  0.002 <  0.002 <  0.004    1.603 <  2.960 <  1.660   -99.9 -99 -99
225 G041.5496+00.0975 19 06 54.06 +07 42 30.3  15   1 <  0.040 <  0.025 <  0.022 <  0.002    1.037    2.130 <  1.240     7.0 104 -99
226 G042.0370-00.8777 19 11 18.08 +07 41 28.6  11  13 <  0.002 <  0.002 <  0.008 <  0.003    0.904 <  0.910 <  0.250   -99.9 -99 -99
227 G042.1998-00.2268 19 19 09.39 +08 08 10.4  15  18 <  0.002 <  0.001 <  0.002 <  0.010    0.716    2.360 <  0.790    10.6  92 -99
228 G042.2264-00.0622 19 08 43.95 +08 14 08.5   3 242 <  0.005 <  0.020 <  0.045 <  0.027    6.277    7.874 <  4.740    21.1 122 -99
229 G042.5217-00.0850 19 09 21.89 +08 29 14.0   6  11 <  0.006 <  0.006 <  0.012 <  0.052    4.351    3.340 <  0.370    35.2 147 -99
230 G042.5231+00.4272 19 07 31.70 +08 43 28.1  20  11 <  0.012 <  0.009 <  0.001 <  0.014    0.386 <  0.670 <  0.440   -99.9 -99 -99
231 G043.7709+00.0659 19 11 09.56 +09 39 53.8  17  14 <  0.094 <  0.076 <  0.026 <  0.016   15.471 <  3.740 <  1.060   -99.9 -99 -99
232 G044.0940-00.0241 19 12 05.40 +09 54 35.1   6   9 <  0.007 <  0.011 <  0.009 <  0.008    2.190    2.290 <  0.700    10.6 130 -99
233 G044.1658+00.0926 19 11 48.29 +10 01 38.6   7  12 <  0.006 <  0.001 <  0.038 <  0.065    3.338 <  4.430 <  2.380   -99.9 -99 -99
234 G044.1790+00.1705 19 11 32.95 +10 04 30.5   5   6 <  0.002 <  0.003 <  0.027 <  0.045    2.707    2.180 <  0.340    10.6 144 -99
235 G044.3027+00.2988 19 11 19.16 +10 14 38.9   6   7 <  0.003 <  0.004 <  0.003 <  0.005    0.715    0.650 <  0.500     3.5 137 -99
236 G044.4100-00.3132 19 13 43.52 +10 03 20.7  19  11 <  0.006 <  0.013 <  0.011 <  0.009    4.210    3.420    1.700    17.6 144  78
237 G044.5388-00.2303 19 13 40.19 +10 12 29.9   8   9 <  0.009 <  0.020 <  0.022 <  0.041    9.384    6.800 <  0.990    35.2 151 -99
238 G045.1952+00.7420 19 11 23.98 +11 14 25.5  20  22 <  0.006    0.006    0.018    0.063    2.304    4.810    1.960    28.1 104  95
239 G045.2527-00.4751 19 15 54.08 +10 43 35.7   7   9 <  0.105 <  0.067 <  0.044 <  0.022    0.824    0.160 <  0.640     3.5 450 -99
241 G045.9646-00.3816 19 16 54.99 +11 23 59.9   5   6 <  0.018 <  0.010 <  0.027 <  0.011    1.928    3.310 <  0.430     7.0 110 -99
242 G046.0291-00.0961 19 16 00.50 +11 35 24.4   6   9 <  0.001 <  0.002 <  0.004 <  0.013    2.402    1.190 <  1.090    10.6 183 -99
243 G046.0408-00.0858 19 15 59.60 +11 36 19.0  10   8 <  0.005 <  0.003 <  0.017 <  0.040    1.300    0.880 <  2.300     7.0 156 -99
244 G046.0837+00.4263 19 14 13.36 +11 52 53.2   5   6    0.010    0.007    0.062    0.162    0.238    1.250 <  3.500    10.6  82 -99
245 G046.3270-00.7938 19 19 05.71 +11 31 39.7   5   6 <  0.016 <  0.012 <  0.015 <  0.020    1.001    0.180 <  1.390     3.5 523 -99
246 G046.4224-00.6803 19 18 52.08 +11 39 54.4  12  10 <  0.013 <  0.013 <  0.026 <  0.013    0.211 <  0.210 <  0.620   -99.9 -99 -99
247 G046.7943-00.2716 19 18 06.15 +12 11 06.1  22  20 <  0.034 <  0.028 <  0.036    0.026    4.015    4.180 <  1.580    24.6 130 -99
248 G046.8518+00.8551 19 14 07.67 +12 45 38.8  12  10 <  0.008 <  0.006 <  0.002 <  0.006    0.590 <  0.230 <  0.420   -99.9 -99 -99
249 G046.9132+00.6113 19 15 07.81 +12 42 06.7  13  10 <  0.009 <  0.013 <  0.011 <  0.002    1.765    0.540 <  0.120     5.3 257 -99
250 G047.0369+00.4063 19 16 06.62 +12 42 57.3   7   7 <  0.002 <  0.002 <  0.005 <  0.010    0.084 <  0.150 <  0.290   -99.9 -99 -99
251 G047.9265+00.1793 19 18 38.38 +13 23 47.8   7   9 <  0.014 <  0.010 <  0.011 <  0.006    0.228 <  0.250 <  0.740   -99.9 -99 -99
252 G048.0957-00.1993 19 20 20.47 +13 22 06.9   8   9 <  0.005 <  0.006 <  0.004 <  0.019    0.285 <  0.110 <  0.390   -99.9 -99 -99
253 G048.1377-00.0752 19 19 58.30 +13 27 50.2   6   7 <  0.009 <  0.008 <  0.021 <  0.018    0.812    1.100 <  0.300     3.5 118 -99
254 G048.1582-00.1792 19 20 23.34 +13 25 59.6   6   7 <  0.001 <  0.002 <  0.005 <  0.001    0.142 <  0.180 <  0.410   -99.9 -99 -99
255 G048.2517+00.2487 19 19 00.85 +13 42 59.3   6   8 <  0.008 <  0.005 <  0.004 <  0.002    0.130 <  0.120 <  0.570   -99.9 -99 -99
256 G048.5581+00.4767 19 18 46.51 +14 05 38.2  36  28 <  0.110 <  0.084 <  0.160 <  0.200   10.827   17.600 <  3.160    21.1 112 -99
257 G048.6208+00.3858 19 19 12.28 +14 06 35.5   6   7 <  0.006 <  0.004 <  0.002 <  0.012    0.318    0.580 <  0.360     3.5 108 -99
258 G048.8701+00.1269 19 20 39.19 +14 12 19.7   7   7 <  0.023 <  0.018 <  0.018 <  0.040    1.250    0.470 <  0.180     3.5 218 -99
259 G049.0422-00.2350 19 22 18.29 +14 11 13.3  10   8 <  0.086 <  0.123 <  0.058 <  0.684  181.719 < 63.000 < 21.000   -99.9 -99 -99
260 G049.1639-00.0766 19 21 57.89 +14 22 08.4  18  24 <  0.017 <  0.018 <  0.029 <  0.035    8.110    7.700    4.200    31.6 135  73
261 G049.2969-00.4489 19 23 34.75 +14 18 38.2  12  10 <  0.045 <  0.052 <  0.046 <  0.100   27.300   15.300 <  3.900    77.3 171 -99
262 G049.4683-00.2527 19 23 11.97  14 33 15.7  15  17 <  0.024 <  0.038 <  0.024 <  0.018   48.100   27.710 <  6.670    59.8 169 -99
263 G049.6930-00.7855 19 25 34.69 +14 30 00.1  47  41    0.037    0.040    0.036    0.125   15.400    7.010 <  4.820    17.6 192 -99
264 G049.7065-00.1722 19 23 22.27 +14 48 08.4  22  18    0.060    0.115    0.179    0.519   52.849   39.100 <  8.300   109.0 149 -99
265 G049.7115+00.1867 19 22 04.25 +14 58 33.8   6   8    0.017    0.013    0.016    0.011    0.413 <  0.390 <  0.280   -99.9 -99 -99
266 G049.8158+00.3662 19 21 37.12 +15 09 09.4   4   5    0.001    0.002    0.002    0.009    2.760    1.760 <  0.400    10.6 160 -99
267 G049.8425-00.0165 19 23 04.14 +14 59 45.1   7   9 <  0.015 <  0.012 <  0.011 <  0.007    0.386 <  0.780 <  1.780   -99.9 -99 -99
268 G049.9216+00.3368 19 21 55.96 +15 13 55.6   6   9 <  0.003 <  0.003 <  0.002 <  0.020    0.273 <  0.230 <  0.150   -99.9 -99 -99
269 G050.2425-00.4959 19 25 36.15 +15 07 16.1   5   7    0.064    0.053    0.386    1.044    2.228   10.990   12.140    87.9  84  48
270 G050.3075+00.5216 19 22 00.63 +15 39 34.4   6  11 <  0.007 <  0.005 <  0.002 <  0.001    0.360 <  0.460 <  0.140   -99.9 -99 -99
271 G050.3547+00.0477 19 23 50.27 +15 28 39.0  31  40 <  0.232 <  0.151 <  0.141 <  0.012    5.045    8.430 <  5.500     7.0 111 -99
273 G050.9625+00.8940 19 21 55.59 +16 24 45.6  16  13 <  0.083 <  0.047 <  0.078 <  0.103    2.722    7.480 <  4.940    10.6  96 -99
274 G050.9884+00.1581 19 24 40.82 +16 05 16.7  17  11 <  0.021 <  0.006 <  0.007 <  0.105   16.197 < 16.800 <  4.900   -99.9 -99 -99
275 G051.4152-00.6768 19 28 34.96 +16 03 57.8   9  11 <  0.005 <  0.004 <  0.002 <  0.002    0.240    0.410 <  0.250     7.0 110 -99
276 G052.3305-00.4971 19 29 45.13 +16 57 20.3   5   6 <  0.005 <  0.004 <  0.001 <  0.008    0.373    0.710 <  0.240    10.6 106 -99
277 G052.4427+00.2010 19 27 24.55 +17 23 16.5  10  12 <  0.002 <  0.052 <  0.004 <  0.004    0.539    0.480 <  0.210     3.5 138 -99
278 G052.7682+00.3332 19 27 34.39 +17 44 13.5   5   5 <  0.004 <  0.005 <  0.031 <  0.042    1.517 <  1.940 <  0.680   -99.9 -99 -99
279 G052.0776+00.1149 19 29 00.00 +17 54 16.6   5   6 <  0.002 <  0.001 <  0.004 <  0.017    0.372 <  0.540 <  0.830   -99.9 -99 -99
280 G053.1827+00.1582 19 29 03.10 +18 01 03.4  10  10 <  0.123 <  0.142 <  0.332 <  1.304  193.000 <100.000 < 75.000   -99.9 -99 -99
281 G053.3358+00.9002 19 26 36.76 +18 30 22.2   8   8 <  0.041 <  0.026    0.143    0.362    0.629    3.400    6.500    14.1  82  38
282 G053.4178+00.0990 19 29 44.66 +18 11 44.3  11   9 <  0.013 <  0.011 <  0.024 <  0.043    0.629 <  1.160 <  0.760   -99.9 -99 -99
283 G054.0569-00.0879 19 31 43.82 +18 39 58.5   8  10 <  0.030 <  0.038 <  0.037 <  0.097   12.798   13.600 <  4.500     7.0 129 -99
284 G054.1757+00.6873 19 29 05.79 +19 08 33.7   8  10 <  0.021 <  0.015 <  0.016 <  0.005    0.544 <  0.190 <  0.140   -99.9 -99 -99
285 G054.3278+00.9448 19 28 26.78 +19 23 57.7  20  15 <  0.008 <  0.002 <  0.001 <  0.014    1.710    1.800 <  0.400     3.5 130 -99
286 G054.4222+00.0045 19 32 07.95 +19 01 51.0   6   7 <  0.003 <  0.003 <  0.007 <  0.020    1.662    1.690 <  0.840    10.6 131 -99
287 G054.7838+00.8745 19 29 38.06 +19 45 58.2   9   8 <  0.007 <  0.005 <  0.010 <  0.001    0.727    0.890 <  0.970     7.0 123 -99
288 G055.3208+00.3365 19 32 44.36 +19 58 41.1  11   9 <  0.002 <  0.002 <  0.003 <  0.012    0.220 <  0.150 <  0.410   -99.9 -99 -99
289 G055.5792+00.6749 19 32 00.45 +20 22 03.6  53  65 <  1.645 <  0.946 <  1.175 <  1.987   24.945   42.400 < 70.000    10.6 110 -99
290 G056.0069-00.2011 19 36 09.64 +20 19 01.5   6   8 <  0.012 <  0.009 <  0.009 <  0.001    0.262    0.290 <  0.110     3.5 127 -99
291 G056.0422-00.1902 19 36 11.52 +20 21 11.6   8   8 <  0.033 <  0.022 <  0.018 <  0.004    0.369 <  0.340 <  0.430   -99.9 -99 -99
292 G056.5717-00.8290 19 39 40.66 +20 30 06.6  62  59 <  0.132 <  0.076 <  0.067 <  0.070    2.760    6.200 <  4.100     3.5 102 -99
293 G056.8920+00.8745 19 35 31.47 +21 24 48.3   6   6 <  0.011 <  0.009 <  0.001 <  0.003    0.635    0.730 <  0.690     3.5 125 -99
294 G057.0235+00.2542 19 36 34.93 +21 25 35.8   6   7 <  0.008 <  0.003 <  0.003 <  0.003    0.112 <  0.150 <  0.110   -99.9 -99 -99
295 G057.9600+00.5684 19 35 31.47 +21 24 48.3   5   6 <  0.014 <  0.009 <  0.004 <  0.001    0.326 <  0.110 <  0.530   -99.9 -99 -99
296 G058.4031+00.0122 19 40 24.72 +22 30 35.5   6   7 <  0.006 <  0.003 <  0.007 <  0.015    0.244 <  0.050 <  0.050   -99.9 -99 -99
297 G058.5379+00.6691 19 38 13.16 +22 57 01.9   8   8 <  0.016 <  0.012 <  0.010 <  0.001    0.551 <  0.120 <  0.410   -99.9 -99 -99
299 G059.9278-00.2213 19 44 35.20 +24 43 02.0   5   6 <  0.005 <  0.004 <  0.001 <  0.003    0.230 <  0.050 <  0.060   -99.9 -99 -99
300 G060.0393-00.0905 19 44 20.09 +23 52 45.4   7   7 <  0.010 <  0.004 <  0.005 <  0.013    0.733 <  0.400 <  0.710   -99.9 -99 -99
301 G060.1250+00.1193 19 43 43.48 +24 03 30.0   9  13 <  0.012 <  0.009 <  0.011 <  0.027    1.521 <  0.060 <  0.120   -99.9 -99 -99
302 G060.3970-00.2682 19 45 47.51 +24 06 00.0   5   6    0.005    0.004    0.005    0.013    0.191 <  0.270 <  0.200   -99.9 -99 -99
303 G060.5080-00.2857 19 46 06.17 +24 11 14.5   7   7 <  0.026 <  0.021 <  0.029 <  0.056    1.117 <  0.860 <  0.390   -99.9 -99 -99
304 G060.6685-00.0027 19 45 22.88 +24 28 04.8   5   6 <  0.008 <  0.005 <  0.006 <  0.018    1.115 <  0.870 <  0.740   -99.9 -99 -99
305 G060.9223-00.1176 19 46 22.68 +24 37 48.3   6   6 <  0.025 <  0.016 <  0.030 <  0.057    4.068 <  1.860 <  3.070   -99.9 -99 -99
306 G060.9757-00.3439 19 47 21.41 +24 33 44.0  17  15 <  0.041 <  0.022 <  0.022 <  0.017    1.270 <  0.530 <  0.120   -99.9 -99 -99
307 G061.1417-00.8954 19 49 49.02 +24 25 34.0   6   9 <  0.003 <  0.005 <  0.005 <  0.008    4.143  -99.999  -99.999   -99.9 -99 -99
308 G061.5950-00.6887 19 50 02.99 +24 55 20.7  40  23 <  0.031 <  0.019 <  0.130 <  0.210    1.309    1.220 <  1.840     1.8 136 -99
309 G061.6786+00.9381 19 44 00.81 +25 48 46.0  40  28 <  0.001 <  0.003 <  0.004 <  0.005    0.221    4.610    3.920     5.3  63  54
311 G063.1214+00.3289 19 49 35.94 +26 45 12.6   6   5 <  0.005 <  0.050 <  0.017 <  0.041    1.430 <  0.550 <  0.380   -99.9 -99 -99
312 G063.1263+00.3327 19 49 35.73 +26 45 33.4   5   5 <  0.011 <  0.004 <  0.015 <  0.031    1.110 <  0.240 <  0.170   -99.9 -99 -99
314 G063.8261+00.5362 19 50 24.42 +27 27 55.7   5   8 <  0.023 <  0.015 <  0.021 <  0.006    1.559    0.450 <  0.050     3.5 271 -99
331 G078.2889+00.7829 20 27 17.68 +39 44 32.6  33  30 <  0.036 <  0.024 <  0.032 <  0.017   28.450   12.720 <  4.800    17.6 195 -99
332 G078.4215+01.0808 20 26 24.82 +40 01 39.9  21  34 <  0.125 <  0.097 <  0.378 <  0.819    6.096 < 18.500 < 11.100   -99.9 -99 -99
333 G078.5197+01.0652 20 26 46.79 +40 05 55.2  11  12 <  0.014 <  0.013 <  0.063 <  0.241    6.220    8.990 <  2.500    17.6 116 -99
334 G079.0407+01.1524 20 27 59.90 +40 34 23.0  12  13 <  0.004 <  0.004 <  0.005 <  0.005    0.463    1.450 <  0.170     7.0  93 -99
335 G079.2004+01.2068 20 28 15.40 +40 44 04.6  20  16 <  0.050 <  0.034 <  0.142 <  0.265    2.582 <  4.430 <  3.010   -99.9 -99 -99
336 G079.2368-00.7326 20 36 32.60 +39 36 47.5  20  12 <  0.011 <  0.011 <  0.032 <  0.090    4.672  -99.999  -99.999   -99.9 -99 -99
337 G079.4172+01.2703 20 28 39.16 +40 56 51.0  11   9 <  0.007 <  0.008 <  0.008 <  0.015    1.410    4.500 <  1.670    35.2  93 -99
338 G078.8223+00.0959 20 34 55.13 +40 34 43.1  24  16 <  0.019    0.034    0.124    1.179   32.850   55.630 < 18.070    98.4 110 -99
339 G080.2400+00.1354 20 36 04.41 +40 56 13.0 108  66 <  0.100 <  0.075 <  0.130 <  0.340   31.116   40.700 <  5.500    31.6 120 -99
340 G080.2632+01.9137 20 28 30.22 +42 00 35.2  20  15 <  0.019 <  0.018 <  0.009 <  0.013    1.311 <  1.840 <  0.310   -99.9 -99 -99
341 G080.8621+00.9749 20 34 28.94 +41 56 17.0  30  25 <  0.079 <  0.075 <  0.082 <  0.278   10.669   11.980 <  5.910   -99.9 126 -99
342 G080.9020+00.9828 20 34 34.55 +41 58 29.3  18  10    0.060    0.077    0.192    0.383    0.773    8.990    5.250    49.2  70  69
352 G103.5937+01.2506 22 15 57.45 +58 09 36.7  10  15 <  0.007 <  0.005 <  0.006 <  0.002    0.094 <  0.160 <  0.450   -99.9 -99 -99
353 G104.3447+02.2299 22 16 32.93 +59 23 30.2  36  19 <  0.005 <  0.004 <  0.004 <  0.004    0.420    0.610 <  0.080     3.5 116 -99
354 G104.6470+00.0088 22 27 41.32 +57 41 05.3   9  17 <  0.006 <  0.005 <  0.009 <  0.013    0.072  -99.999  -99.999   -99.9 -99 -99
355 G104.6501+02.3475 22 18 02.24 +59 39 33.7  13   8    0.003    0.003    0.021    0.057    0.021    0.250    0.850    17.6  70  32
356 G106.6327+00.3917 22 39 17.63 +59 00 59.3   8  14 <  0.057 <  0.045 <  0.034 <  0.022    0.184    0.190 <  0.040    14.1 130 -99
357 G106.6375+00.3783 22 39 22.61 +59 00 25.5  18  12 <  0.001 <  0.003 <  0.002 <  0.003    0.218    0.160 <  0.060   -99.9 150 -99
358 G107.0392+02.4196 22 34 06.60 +60 58 50.3   8  13 <  0.004 <  0.003 <  0.003 <  0.002    0.043 <  0.030 <  0.050   -99.9 -99 -99
361 G108.9891+01.5606 22 51 39.97 +61 08 50.0  94  26 <  0.010 <  0.005 <  0.012 <  0.031    0.251    1.280 <  1.800     7.0  83 -99
362 G109.1157+00.6799 22 55 45.29 +60 24 39.4  17  13 <  0.004 <  0.004 <  0.008    0.024    0.427    0.610 <  0.560     3.5 116 -99
399 G284.0765-00.4323 10 22 23.08 -57 44 28.0  33  22    0.007    0.019    0.058    0.508    9.790   23.800    5.800   214.4  99 262
400 G284.2999-00.3359 10 24 03.06 -57 46 46.7   3   3  -99.999  -99.999  -99.999  -99.999  -99.999  -99.999  -99.999   -99.9 -99 -99
401 G284.3011-00.3712 10 24 03.06 -57 48 36.1   2   2  -99.999  -99.999  -99.999  -99.999  -99.999  -99.999  -99.999   -99.9 -99 -99
402 G284.3400-00.2827 10 24 39.19 -57 45 21.1   3   3  -99.999  -99.999  -99.999  -99.999  -99.999  -99.999  -99.999   -99.9 -99 -99
407 G287.4071-00.3593 10 44 43.87 -59 21 25.1  23  23 <  0.003 <  0.033 <  0.155    0.495   36.700   31.100 < 19.500    38.7 141 -99
408 G287.4389-00.6132 10 44 00.94 -59 35 46.0   3   3  -99.999  -99.999  -99.999  -99.999  -99.999  -99.999  -99.999   -99.9 -99 -99
409 G287.6131-01.1302 10 43 17.90 -60 08 03.5  12  14 <  0.027 <  0.026 <  0.047    0.156    3.460    1.220 <  1.480     7.0 229 -99
410 G287.6736-01.0093 10 44 11.11 -60 03 21.2   4   6 <  0.055 <  0.083    0.237    1.623    4.650   10.210 <  2.350    73.8 102 -99
411 G288.1505-00.5059 10 49 24.98 -59 49 43.8   9   8 <  0.011 <  0.011    0.034    0.176    1.770    3.460 <  1.160    31.6 106 -99
412 G288.2321-01.1167 10 47 46.17 -60 24 36.2   8   8 <  0.005 <  0.004 <  0.003 <  0.008    0.448    1.050 <  2.710    17.6 100 -99
414 G288.4263-01.2245 10 48 46.55 -60 35 40.4  10  12 <  0.007 <  0.007 <  0.008    0.015    0.120    0.300 <  0.120     7.0  99 -99
415 G298.5657+00.0650 12 13 29.83 -62 29 05.1   6   5 <  0.008 <  0.006 <  0.012 <  0.028    0.670  -99.999  -99.999   -99.9 -99 -99
416 G298.6101-00.5363 12 13 06.35 -63 05 09.7   4   6 <  0.002 <  0.001 <  0.002 <  0.005    0.361  -99.999  -99.999   -99.9 -99 -99
417 G298.6498+00.2675 12 14 28.11 -62 17 47.6   9   5 <  0.005    0.006    0.019    0.087    9.536  -99.999  -99.999   -99.9 -99 -99
418 G298.6699+00.0580 12 14 22.85 -62 30 24.2   6   5 <  0.008 <  0.006 <  0.002 <  0.001    0.512  -99.999  -99.999   -99.9 -99 -99
419 G298.6808-00.4511 12 13 50.01 -63 00 43.6   6   6 <  0.003 <  0.001 <  0.005 <  0.023    1.944  -99.999  -99.999   -99.9 -99 -99
420 G298.6971+00.7019 12 15 23.52 -61 52 23.2   4   4    0.016    0.019    0.058    0.157    0.449  -99.999  -99.999   -99.9 -99 -99
421 G298.7089+00.0060 12 14 39.06 -62 33 49.3  14  10 <  0.029 <  0.018 <  0.034 <  0.086    3.919  -99.999  -99.999   -99.9 -99 -99
422 G299.2973-00.2913 12 19 24.03 -62 56 12.6   7   7 <  0.009 <  0.003 <  0.003 <  0.019    1.426  -99.999  -99.999   -99.9 -99 -99
423 G299.3319-00.1178 12 19 53.32 -62 46 08.0   8   9 <  0.005 <  0.004 <  0.003 <  0.008    0.470  -99.999  -99.999   -99.9 -99 -99
424 G299.9597+00.8134 12 26 08.93 -61 54 44.6  13  11 <  0.007 <  0.006 <  0.009 <  0.002    0.295  -99.999  -99.999   -99.9 -99 -99
425 G300.1020-00.1371 12 26 34.43 -62 52 20.0   7   6 <  0.012 <  0.011 <  0.021 <  0.044    4.586  -99.999  -99.999   -99.9 -99 -99
426 G300.2528-00.0334 12 27 59.01 -62 47 01.0  18  18 <  0.012 <  0.007 <  0.009 <  0.022    1.498    1.160 <  1.970     3.5 147 -99
427 G300.6153-00.8292 12 30 34.24 -62 36 25.6  13  11 <  0.002 <  0.003 <  0.006    0.027    6.316    4.370    2.400    21.1 154  72
428 G301.1070-00.1728 12 35 21.32 -62 59 15.0  10   7 <  0.043 <  0.037 <  0.028    0.040   15.928    5.020 <  0.540    24.6 251 -99
429 G301.4963+00.1299 12 38 54.56 -62 42 25.2   8   8    0.010    0.013    0.029    0.065    5.690    3.620 <  0.540    21.1 160 -99
430 G301.6493+00.7960 12 40 29.39 -62 02 54.8  10  10 <  0.006 <  0.005 <  0.010 <  0.010    1.192    0.580 <  0.220     7.0 185 -99
433 G302.8545+00.0651 12 50 45.59 -62 48 23.8  10  14 <  0.001 <  0.003 <  0.001 <  0.001    0.569 <  0.500 <  0.550   -99.9 -99 -99
434 G302.9854+00.5812 12 51 53.86 -62 17 26.1  18  16 <  0.008 <  0.008 <  0.014    0.039    4.581    1.270 <  0.110     7.0 282 -99
435 G303.0882-00.9647 12 52 51.30 -63 50 09.9   5   6 <  0.006 <  0.005 <  0.004 <  0.001    1.957    2.530 <  1.380    10.6 120 -99
436 G303.9369-00.3414 13 00 21.22 -63 11 44.9  13  11 <  0.014 <  0.014 <  0.011 <  0.029    0.925    0.940 <  1.110     3.5 131 -99
437 G303.9535-00.2598 13 00 28.53 -63 06 49.3   8   7 <  0.013 <  0.007 <  0.012 <  0.006    0.745 <  0.920 <  1.040   -99.9 -99 -99
438 G303.9636-01.0467 13 00 49.09 -63 53 59.0   5   5 <  0.002 <  0.003 <  0.001 <  0.008    1.128    1.040 <  0.460     3.5 136 -99
439 G304.7086-00.8356 13 07 27.54 -63 39 07.7  22   9 <  0.128 <  0.072 <  0.057 <  0.027    1.416    0.880 <  0.200     3.5 162 -99
440 G304.8585-00.0200 13 08 19.52 -62 49 43.1  15  14 <  0.036 <  0.024 <  0.026 <  0.073   10.943    7.290 <  5.220     7.0 157 -99
441 G305.1497-00.4859 13 11 10.71 -63 16 07.6   6   6 <  0.006 <  0.004 <  0.002 <  0.008    1.113    2.150 <  1.190     7.0 106 -99
442 G305.7952+00.1583 13 16 20.55 -62 34 29.9  39  15 <  0.094 <  0.031 <  0.197 <  0.555  119.800  138.000   93.800    35.2 125  62
443 G305.8554-00.1277 13 17 06.59 -62 51 13.3   5   6 <  0.020 <  0.019 <  0.045 <  0.046    4.005 <  2.660 <  3.010   -99.9 -99 -99
444 G305.9247-00.1426 13 17 43.65 -62 51 41.6   6   6 <  0.020 <  0.022 <  0.005 <  0.025    2.741    2.750 <  4.820    10.6 132 -99
445 G305.9430-00.1056 13 17 51.24 -62 49 22.4  10   9 <  0.024 <  0.017 <  0.048 <  0.156    5.929    3.250 <  1.100    14.1 173 -99
446 G306.0015+00.2657 13 18 01.71 -62 26 51.1  22  12 <  0.052 <  0.043 <  0.081 <  0.215    2.302    1.590 <  2.100     7.0 154 -99
447 G306.1628+00.0050 13 19 39.69 -62 41 22.7  25  13 <  0.008 <  0.014 <  0.137 <  0.356    2.609    4.450 <  6.550     1.8 110 -99
448 G306.5992-00.2284 13 23 41.43 -62 52 13.2   9   7 <  0.031 <  0.021 <  0.022 <  0.016    0.460    0.400 <  0.110     3.5 140 -99
449 G306.6682+00.4638 13 23 32.20 -62 10 29.7   8   6 <  0.008 <  0.006 <  0.007 <  0.014    2.369    1.580 <  0.600     3.5 157 -99
450 G306.6723-00.2637 13 24 21.95 -62 53 46.1   5   6 <  0.015 <  0.011 <  0.016    0.024    1.140    1.410 <  1.250     7.0 122 -99
451 G306.7395-00.1134 13 24 46.84 -62 44 18.4   9   7 <  0.143 <  0.094 <  0.100 <  0.090    3.938    6.690 <  3.840    14.1 110 -99
452 G306.8330+00.3865 13 25 01.38 -62 13 50.4  16  13 <  0.024 <  0.013 <  0.032 <  0.050    2.266    3.330 <  3.040    10.6 115 -99
453 G306.8895+00.6519 13 25 12.37 -61 57 36.5  19  11 <  0.011 <  0.008 <  0.016 <  0.039    0.672    0.860 <  0.960     3.5 121 -99
454 G307.0222-00.0487 13 27 08.87 -62 38 11.6   7   9 <  0.021 <  0.014 <  0.017 <  0.033    0.468 <  0.450 <  0.230   -99.9 -99 -99
455 G307.5714-00.6227 13 32 39.72 -63 07 21.3   5   8 <  0.023 <  0.023 <  0.023 <  0.028    2.844    2.650 <  3.710    24.6 136 -99
456 G307.6153-00.5257 13 32 54.48 -63 01 11.3   9   7 <  0.030 <  0.017 <  0.012 <  0.010    0.384 <  0.640 <  0.530   -99.9 -99 -99
457 G307.6157+00.9294 13 30 57.15 -61 34 57.2  13   7 <  0.082 <  0.054 <  0.035 <  0.038    1.069    1.100 <  0.350     0.7 131 -99
458 G307.6299-00.1886 13 32 33.74 -62 41 04.9  25  17 <  0.002 <  0.003 <  0.022 <  0.085   11.250 <  4.910 <  4.040   -99.9 -99 -99
459 G307.6313-00.1736 13 32 33.26 -62 40 10.7  12   6 <  0.004 <  0.004 <  0.005    0.031    4.236    2.930 <  0.670    17.6 154 -99
460 G307.7949+00.0010 13 33 42.73 -62 28 15.6   9   7 <  0.040 <  0.033 <  0.044 <  0.044    1.497 <  1.080 <  0.800   -99.9 -99 -99
461 G307.9454-00.0888 13 35 07.62 -62 32 04.5  13  15 <  0.022 <  0.016 <  0.023 <  0.042    0.589 <  0.210 <  0.580   -99.9 -99 -99
462 G307.9706+00.0420 13 35 09.06 -62 24 05.1  15  11 <  0.002 <  0.011 <  0.014 <  0.011    2.729    1.810 <  0.680     7.0 157 -99
463 G308.0406+00.2473 13 35 26.74 -62 11 13.9  16  13 <  0.022 <  0.016 <  0.014 <  0.021    0.751    0.560 <  0.300     3.5 149 -99
464 G308.0703+00.2120 13 35 44.88 -62 13 00.9  20  20 <  0.059 <  0.059 <  0.032 <  0.067    1.602    1.690 <  1.540     3.5 129 -99
465 G308.2317-00.1784 13 37 42.54 -62 34 23.3   7   7 <  0.018 <  0.013 <  0.017 <  0.030    0.438 <  0.460 <  0.730   -99.9 -99 -99
466 G308.5823-00.8397 13 41 48.62 -63 09 27.3  12  12 <  0.021 <  0.015 <  0.018 <  0.026    1.047    1.910 <  0.350     3.5 108 -99
467 G308.5972+00.8825 13 39 08.08 -61 27 48.8  20  18 <  0.044 <  0.031 <  0.053 <  0.120    5.674    4.810 <  2.130     7.0 141 -99
468 G308.8795+00.1713 13 42 37.54 -62 06 28.7  10   8 <  0.024 <  0.020 <  0.087 <  0.253    0.895 <  1.370 <  5.780   -99.9 -99 -99
469 G309.0424+00.2316 13 43 53.15 -62 00 58.9  11   9 <  0.071 <  0.051 <  0.131 <  0.390    7.217 <  4.980 <  5.160   -99.9 -99 -99
470 G309.0433+00.1349 13 44 03.62 -62 06 39.2   9   8 <  0.208 <  0.151 <  0.245 <  0.308    9.476 <  7.520 <  6.730   -99.9 -99 -99
471 G309.1094+00.2524 13 44 24.53 -61 58 56.7  14  13 <  0.091 <  0.079 <  0.142 <  0.463   20.523   19.150 <  3.730    38.7 136 -99
472 G309.2387+00.1048 13 45 44.89 -62 06 00.5  14  10 <  0.064 <  0.047 <  0.053 <  0.054    1.570    3.490 <  1.900    10.6 102 -99
473 G309.2992-00.9909 13 48 18.00 -63 09 27.4  12   9 <  0.009 <  0.002 <  0.001    0.004    3.539    2.420 <  0.300    10.6 155 -99
474 G309.7667-00.6764 13 51 41.06 -62 44 45.6   7   5 <  0.055 <  0.037 <  0.037 <  0.069    4.036    2.900 <  0.750    14.1 151 -99
475 G309.8545+00.4492 13 50 12.72 -61 37 48.4   5   5 <  0.007 <  0.004 <  0.026 <  0.069    1.393    1.340 <  1.860     7.0 134 -99
476 G309.8681+00.5288 13 50 10.31 -61 32 58.0   9  10 <  0.017 <  0.010 <  0.024 <  0.084    1.402    1.480 <  2.360     3.5 129 -99
477 G309.9112+00.3762 13 50 49.01 -61 41 18.1  20  15 <  0.051 <  0.059    0.135    0.434   76.420   22.030 <  3.410   161.7 272 -99
478 G310.3999+00.2193 13 55 08.22 -61 43 31.5   9   8 <  0.010 <  0.007 <  0.025 <  0.031    0.760    0.340 <  0.630     3.5 194 -99
479 G310.6158+00.1669 13 57 00.77 -61 43 21.8  14  10 <  0.049 <  0.026 <  0.059 <  0.082    0.781    0.930 <  0.610     7.0 124 -99
480 G310.6430-00.4091 13 58 28.98 -62 16 22.6   8   9 <  0.121 <  0.086 <  0.115 <  0.191    9.523   13.410 < 13.890    49.2 117 -99
481 G310.7197-00.1247 13 58 29.56 -61 58 42.2   5   7 <  0.024 <  0.015 <  0.042 <  0.059    0.999    2.330 <  3.500     7.0 101 -99
482 G310.8417+00.0021 13 59 12.95 -61 49 27.8   8   8 <  0.001 <  0.004 <  0.001 <  0.020    0.830 <  0.980 <  3.210   -99.9 -99 -99
483 G310.8776+00.1564 13 59 10.25 -61 39 57.8   9   6 <  0.147 <  0.088 <  0.093 <  0.078    0.889    0.500 <  1.760     1.8 171 -99
484 G310.8823-00.0738 13 59 42.96 -61 53 13.6  10  12 <  0.030 <  0.020 <  0.010 <  0.066    0.782 <  1.090 <  2.510   -99.9 -99 -99
485 G310.9854+00.4204 13 59 28.13 -61 22 59.2  20  11 <  0.035 <  0.038 <  0.056 <  0.142   18.982   11.680 <  3.290   -99.9 163 -99
486 G311.0863-00.0397 14 01 18.44 -61 48 01.2  32  32 <  0.523 <  0.447 <  1.018 <  1.579   70.670   72.800 < 35.700    59.8 131 -99
487 G311.1169+00.3837 14 00 36.54 -61 23 02.5   7   8 <  0.070 <  0.048 <  0.052 <  0.065    1.863 <  3.040 <  2.080   -99.9 -99 -99
488 G311.1490+00.7378 14 00 05.45 -61 02 02.3   8   7 <  0.014 <  0.011 <  0.009 <  0.076    1.881    1.310 <  1.170     3.5 154 -99
489 G311.1657+00.0448 14 01 45.74 -61 41 51.5  46  41 <  0.097 <  0.050    0.311    1.892   88.415   55.350 < 89.300    38.7 162 -99
490 G311.4677+00.1021 14 04 04.57 -61 33 36.1   8   9 <  0.030 <  0.027    0.055    0.072    2.933    5.400 <  9.120    31.6 108 -99
491 G311.8184+00.0568 14 07 00.39 -61 30 15.5  29  32 <  0.053 <  0.089 <  0.415    2.299   50.768   41.850 < 52.260    35.2 143 -99
492 G311.9670-00.0467 14 08 27.13 -61 33 36.4  11   9 <  0.070 <  0.071    0.095    0.280   61.955   32.370 <  4.370   137.1 178 -99
493 G311.9977+00.1321 14 08 15.55 -61 22 48.6   8   6 <  0.043 <  0.033 <  0.052 <  0.098    6.138    4.290 <  2.440    28.1 153 -99
494 G312.4748-00.4075 14 13 26.99 -61 45 01.2  10   7 <  0.030 <  0.025 <  0.038 <  0.055    0.592 <  1.040 <  1.490   -99.9 -99 -99
495 G312.5728+00.4015 14 12 08.37 -60 57 02.5  15  13 <  0.095 <  0.076 <  0.048    0.131   29.215   17.680 <  0.520    56.2 164 -99
496 G312.7845-00.5339 14 16 16.30 -61 46 19.5  25  20 <  0.007 <  0.001 <  0.046 <  0.140    2.451    4.540 <  2.510     7.0 107 -99
497 G312.8748+00.2557 14 14 52.77 -60 59 41.7   6   6 <  0.004 <  0.001 <  0.001 <  0.007    1.329    1.000 <  1.090     3.5 148 -99
498 G313.2935+00.2231 14 18 13.80 -60 53 26.3   8   6 <  0.042 <  0.032 <  0.071 <  0.167    1.984    1.890 <  3.050     7.0 135 -99
499 G313.4116-00.1941 14 20 17.92 -61 14 41.2  12  10 <  0.002 <  0.001 <  0.009    0.025    0.203    0.260 <  0.910     3.5 121 -99
500 G313.5262+00.0318 14 20 33.71 -60 59 36.4   0 101 <  0.142 <  0.091 <  0.056 <  0.096    3.177    2.690 <  1.400     7.0 141 -99
501 G313.5875+00.5914 14 19 29.91 -60 26 44.7   6   6 <  0.005 <  0.005 <  0.019 <  0.043    2.079    0.840 <  1.810     7.0 208 -99
502 G313.6229+00.5859 14 19 47.00 -60 26 20.5   3   5 <  0.001 <  0.002 <  0.005 <  0.019    1.201 <  1.400 <  0.820   -99.9 -99 -99
503 G313.8157-00.7748 14 25 09.02 -61 39 01.1  11   8 <  0.021 <  0.018 <  0.034 <  0.078    1.379    1.770 <  1.590     7.0 121 -99
504 G313.8279+00.2205 14 22 21.81 -60 42 47.7  10  12 <  0.016 <  0.020 <  0.026 <  0.087    3.376    4.150 <  6.690    10.6 122 -99
505 G314.6248-00.2847 14 29 56.88 -60 54 01.0  27  24 <  0.020 <  0.007 <  0.056 <  0.144    2.751    2.930 <  3.570     3.5 129 -99
506 G314.6326+00.0995 14 28 50.87 -60 32 25.1  10   9 <  0.033 <  0.026 <  0.021 <  0.011    0.572 <  0.220 <  0.780   -99.9 -99 -99
507 G314.7562-00.6627 14 32 07.52 -61 12 05.4  11   9 <  0.013 <  0.010 <  0.018 <  0.032    0.454 <  0.220 <  0.480   -99.9 -99 -99
508 G315.1084-00.8389 14 35 23.32 -61 13 43.8  10   8 <  0.025 <  0.016 <  0.027 <  0.014    0.293 <  0.260 <  0.950   -99.9 -99 -99
509 G315.3719+00.6043 14 32 50.57 -59 47 44.1  56  33 <  0.002 <  0.035 <  0.207 <  0.101    4.300    6.510 <  8.620     1.8 114 -99
510 G315.8313+00.1055 14 37 46.38 -60 04 33.4  13  12 <  0.004 <  0.003 <  0.019 <  0.014    0.232    0.460 <  0.450     1.8 105 -99
511 G315.9218-00.3423 14 39 53.57 -60 26 58.6  27  22 <  0.070 <  0.046 <  0.038 <  0.058    0.544    1.110 <  3.210     3.5 104 -99
512 G316.0532-00.3488 14 40 53.21 -60 24 07.3   8   8 <  0.041 <  0.029 <  0.038 <  0.054    1.217    0.560 <  0.410     3.5 191 -99
513 G316.1541-00.7578 14 43 00.54 -60 43 58.5  13  19 <  0.013 <  0.018 <  0.005 <  0.046    2.317    2.010 <  1.900     3.5 140 -99
514 G316.1729-00.6216 14 42 41.17 -60 36 04.5   8  13 <  0.026 <  0.013 <  0.040 <  0.028    0.900    0.210 <  0.160     3.5 342 -99
515 G316.4755-00.0539 14 43 00.16 -59 57 32.8  45  27 <  0.160 <  0.177 <  0.576 <  1.548   29.838 < 70.700 < 58.600   -99.9 -99 -99
516 G316.5461+00.8296 14 40 38.12 -59 07 30.3   8  10 <  0.023 <  0.018 <  0.024 <  0.038    0.947    0.770 <  0.760     1.8 143 -99
517 G316.5611-00.3164 14 44 30.38 -60 09 41.8  38  20 <  0.175 <  0.121 <  0.223 <  0.395    9.890    9.610 < 14.700    10.6 134 -99
518 G316.5833-00.7708 14 46 13.74 -60 33 49.1   4   7 <  0.065 <  0.049 <  0.054    0.062    2.918    2.740 <  3.070    10.6 135 -99
519 G316.7102+00.4342 14 43 04.92 -59 25 03.4   7   7 <  0.038 <  0.022 <  0.027 <  0.025    0.538    0.830 <  0.550     7.0 114 -99
520 G317.2454-00.1862 14 48 59.88 -59 45 01.2  23  17 <  0.001 <  0.016 <  0.040    0.554   78.205   36.100 <  8.560    49.2 191 -99
521 G317.5186-00.6302 14 52 31.11 -60 01 39.1  30  16 <  0.901 <  0.620 <  0.731 <  0.606   12.722   15.140    8.120     7.0 124  74
522 G317.7044-00.8668 14 54 42.37 -60 09 16.2   9   6 <  0.002 <  0.002 <  0.005 <  0.017    1.936    1.170 <  0.510     7.0 164 -99
523 G317.7156-00.1977 14 52 22.59 -59 33 09.3   6   8 <  0.007 <  0.009 <  0.022 <  0.070    2.623    1.000 <  0.400     3.5 216 -99
524 G317.8924+00.0216 14 52 50.67 -59 16 38.2   4   6 <  0.001 <  0.001 <  0.007 <  0.030    0.589 <  2.070 <  2.550   -99.9 -99 -99
525 G317.9471-00.7936 14 56 09.96 -59 58 41.5   4   7 <  0.049 <  0.030 <  0.027 <  0.041    2.552    1.880 <  1.160    17.6 150 -99
526 G317.9599-00.2576 14 54 18.54 -59 29 44.8   5   7 <  0.011 <  0.010 <  0.012 <  0.020    0.307 <  0.400 <  1.160   -99.9 -99 -99
527 G318.2180-00.5269 14 57 05.72 -59 36 59.2  42  31 <  0.080 <  0.116 <  0.657 <  1.683   52.389   53.200 < 39.900    73.8 131 -99
528 G318.3497-00.6972 14 58 38.82 -59 42 20.4   8  10 <  0.016 <  0.021 <  0.056 <  0.111    6.949    6.880 <  6.600    24.6 133 -99
529 G319.2440-00.2348 15 01 20.64 -58 27 40.8   6   7 <  0.010 <  0.009 <  0.031 <  0.091    3.203    5.000 <  3.300    31.6 113 -99
530 G319.2857-00.0315 15 02 36.30 -58 40 29.7  19  11 <  0.014 <  0.007 <  0.007 <  0.054    1.390    0.870 <  0.310     3.5 162 -99
531 G319.4212-00.0340 15 03 31.56 -58 36 41.8   7   6 <  0.088 <  0.054 <  0.053 <  0.095    1.330    2.440 <  0.520    21.1 108 -99
532 G319.4282-00.0209 15 03 31.45 -58 35 48.3  15  10 <  0.025 <  0.018 <  0.056 <  0.164    3.338 <  6.330 <  5.610   -99.9 -99 -99
533 G319.4607+00.2081 15 02 53.62 -58 22 50.3  14  11 <  0.126 <  0.076 <  0.084 <  0.059    0.786    0.380 <  0.320     3.5 186 -99
534 G319.7182-00.7290 15 08 10.24 -59 04 12.6 151  77 <  0.384 <  0.226 <  0.507 <  1.602   22.281   52.810 < 85.890    14.1 100 -99
535 G319.9407+00.2825 15 05 28.11 -58 04 53.7   6   7 <  0.019 <  0.021 <  0.014 <  0.018    0.596    0.750 <  0.860     7.0 121 -99
536 G320.0032+00.1875 15 06 34.10 -58 08 00.1  12  12 <  0.017 <  0.025 <  0.053 <  0.120    5.080    3.560 <  4.220    17.6 153 -99
537 G320.2524+00.1936 15 08 10.81 -58 00 14.7  11  13 <  0.041 <  0.035 <  0.094    0.176    3.115 <  5.560 <  6.610   -99.9 -99 -99
538 G320.2688-00.5802 15 11 15.96 -58 39 49.6   5   6 <  0.015 <  0.007 <  0.015 <  0.026    0.346 <  0.220 <  0.490   -99.9 -99 -99
539 G320.9454-00.9267 15 17 05.53 -58 36 30.8  13  12 <  0.012 <  0.001 <  0.002 <  0.026    1.980    2.280 <  4.250     3.5 125 -99
540 G321.1198+00.1234 15 14 03.23 -57 37 21.3  10   8 <  0.017 <  0.017 <  0.029 <  0.047    1.093    1.780 <  1.350     3.5 112 -99
541 G321.8215-00.0068 15 19 00.16 -57 21 49.7   8   8 <  0.014 <  0.010 <  0.013 <  0.021    0.846    1.140    1.150     3.5 119  50
542 G322.1986+00.5183 15 19 16.98 -56 43 06.3 122  61 <  8.707 <  6.467 < 23.422 < 18.191 1211.397  618.000 <246.000   109.0 180 -99
543 G322.6676-00.8714 15 27 47.93 -57 37 25.1   9   9 <  0.006 <  0.007 <  0.023 <  0.035    0.355    0.320 <  0.410     1.8 138 -99
544 G322.6802+00.9060 15 20 42.81 -56 07 57.4  30  27 <  0.032 <  0.020 <  0.009 <  0.009    0.744 <  0.170 <  0.400   -99.9 -99 -99
545 G322.9148-00.6381 15 28 20.64 -57 17 30.3   9  11 <  0.110 <  0.070 <  0.063    0.056    0.460 <  0.250 <  0.330   -99.9 -99 -99
546 G324.2941-00.6151 15 36 30.57 -56 28 47.1   8  13 <  0.016 <  0.012 <  0.025 <  0.034    0.459 <  0.500 <  0.240   -99.9 -99 -99
547 G325.5290+00.0261 15 40 52.91 -55 13 51.0  10   9 <  0.021 <  0.016 <  0.019 <  0.029    0.246    0.590 <  0.580     3.5 100 -99
548 G325.6796-00.7237 15 44 55.95 -55 44 11.0  12  14 <  0.103 <  0.068 <  0.071 <  0.080    1.035 <  0.230 <  1.770   -99.9 -99 -99
549 G325.6861-00.0423 15 42 03.00 -55 11 27.6   6  12 <  0.044 <  0.032 <  0.050 <  0.112    0.912 <  1.500 <  0.620   -99.9 -99 -99
550 G325.8274+00.7325 15 39 36.54 -54 29 10.2   7  10 <  0.012 <  0.009 <  0.013 <  0.017    0.543 <  0.240 <  0.150   -99.9 -99 -99
551 G326.2551-00.7189 15 47 57.17 -55 23 48.8   5   6 <  0.013 <  0.012 <  0.012 <  0.021    0.684 <  0.670 <  0.710   -99.9 -99 -99
552 G326.4937+00.1899 15 45 31.48 -54 30 56.3   5   6 <  0.031 <  0.025 <  0.026 <  0.028    1.358    1.920 <  1.130    17.6 117 -99
553 G326.5286+00.2202 15 45 35.19 -54 28 13.1   8   9 <  0.007 <  0.004 <  0.049 <  0.091    1.084    1.770    4.290     7.0 112  35
554 G326.5840-00.5999 15 49 24.34 -55 04 50.0  12  10 <  0.017 <  0.006 <  0.038 <  0.118    2.436    2.790 <  2.700     3.5 126 -99
555 G326.7256+00.7742 15 44 20.22 -53 54 41.2   9   9    0.051    0.084    0.090    0.466   83.187   34.000 <  1.340    52.7 206 -99
556 G326.7577-00.5563 15 50 09.70 -54 56 16.7  14  11 <  0.039 <  0.051 <  0.095 <  0.143   21.304   11.340 <  5.480    28.1 176 -99
557 G327.2310-00.3377 15 51 45.66 -54 28 14.3  14  10 <  0.017 <  0.017 <  0.025 <  0.037    1.060    0.440 <  0.860     3.5 204 -99
558 G327.3793-00.4704 15 53 07.77 -54 28 47.0  22  22 <  0.110 <  0.098 <  0.430 <  1.301   71.326   37.200 < 27.200    49.2 178 -99
559 G327.6444-00.6323 15 55 14.72 -54 26 08.6  12  11 <  0.014 <  0.013 <  0.042 <  0.035    0.546    1.140    2.010     7.0 104  39
560 G327.8190+00.7435 15 50 15.44 -53 15 36.0  15  13 <  0.109 <  0.067 <  0.044 <  0.061    1.138    1.840 <  1.230     3.5 112 -99
561 G327.8600+00.5559 15 51 15.57 -53 22 49.3  10  10 <  0.039 <  0.026 <  0.050 <  0.056    1.202    1.300 <  3.300     7.0 128 -99
562 G327.9350+00.7720 15 50 44.51 -53 09 54.4  10  12 <  0.083 <  0.057 <  0.056 <  0.081    1.042    1.160 <  1.500     3.5 127 -99
563 G328.1181+00.5730 15 52 31.66 -53 12 15.6  14  12 <  0.008 <  0.010 <  0.043 <  0.111    6.861    9.800 <  7.170    45.7 116 -99
564 G328.1318+00.7623 15 51 48.11 -53 02 56.1   8   7 <  0.001 <  0.001 <  0.005 <  0.025    0.275    0.680 <  0.650     3.5  99 -99
565 G328.1873-00.4816 15 57 25.64 -53 58 17.0  18  21 <  0.268 <  0.306 <  1.428 <  4.101   92.924   86.090 < 52.900    98.4 136 -99
566 G328.2845-00.5640 15 58 17.64 -53 58 17.0  32  31 <  0.353 <  0.331 <  1.497 <  4.248  195.492  156.200 < 25.400   228.5 145 -99
567 G328.2945+00.6974 15 52 54.78 -52 59 47.0   6   8 <  0.020 <  0.017 <  0.028 <  0.038    0.671    1.940 <  2.440    14.1  95 -99
568 G328.3490+00.8984 15 52 20.98 -52 48 22.5   6   9 <  0.020 <  0.010 <  0.024 <  0.032    0.807    0.720 <  0.630     7.0 138 -99
569 G328.3833+00.8504 15 52 43.59 -52 49 18.3  19  16    0.103    0.099    0.152    0.234    2.590    4.620 <  3.010    14.1 109 -99
570 G328.4218-00.0217 15 56 38.08 -53 28 07.5   3   6 <  0.068 <  0.041 <  0.042 <  0.003    1.103    0.430 <  1.010     3.5 213 -99
571 G328.4261-00.0308 15 56 41.84 -53 28 22.1  15   9 <  0.061 <  0.042 <  0.085 <  0.067    2.072    1.920 <  1.910    10.6 136 -99
572 G329.2399-00.5852 16 03 15.87 -53 21 43.7  30  17 <  0.094 <  0.044 <  0.069 <  0.111    4.320    7.940 <  9.580    14.1 108 -99
573 G329.8160-00.0710 16 03 52.39 -52 35 43.4   9   8 <  0.019 <  0.010 <  0.010 <  0.039    0.278 <  0.120 <  0.190   -99.9 -99 -99
574 G329.8717-00.1302 16 04 24.38 -52 36 09.9   8  12 <  0.019 <  0.012 <  0.026 <  0.035    0.518    0.420 <  0.810     7.0 144 -99
576 G329.9857-00.6636 16 07 19.29 -52 55 25.5  14  12 <  0.017 <  0.006 <  0.017 <  0.043    1.222    1.730 <  2.730     3.5 117 -99
577 G330.3770+00.7381 16 03 07.61 -51 37 03.1   6  12 <  0.044 <  0.032    0.000 <  0.040    3.206    3.520 <  3.270    14.1 128 -99
578 G330.8447-00.0787 16 08 54.18 -51 54 46.5  13  10 <  0.012 <  0.008 <  0.027 <  0.063    0.987 <  2.020 <  4.080   -99.9 -99 -99
579 G330.9550+00.2328 16 08 04.31 -51 36 30.6   9   9 <  0.010 <  0.011 <  0.002 <  0.023    0.904 <  1.010 <  6.670   -99.9 -99 -99
580 G331.3220-00.1755 16 11 35.66 -51 39 36.0  11  12    0.428    0.444    1.766    4.135   72.253 < 29.500 < 11.600   -99.9 -99 -99
582 G331.6530-00.5094 16 14 37.49 -51 40 33.3   4   6 <  0.016 <  0.009 <  0.011 <  0.011    0.255 <  0.210 <  0.220   -99.9 -99 -99
583 G331.6579+00.1308 16 11 49.70 -51 12 24.7  10   7 <  0.071 <  0.078 <  0.226    0.667   63.868   71.800   46.600   193.3 126  64
584 G331.8118-00.1512 16 13 46.79 -51 18 24.6  17  19 <  0.073 <  0.057 <  0.116 <  0.208    6.795   20.900 < 12.500    49.2  93 -99
585 G331.8310+00.4040 16 11 26.65 -50 53 18.4   7   9 <  0.003 <  0.006 <  0.005 <  0.020    3.108    2.280 <  0.770    17.6 150 -99
586 G332.0772-00.2913 16 15 37.56 -51 13 30.6  13   9 <  0.057 <  0.036 <  0.114 <  0.019    5.401    4.850 < 11.400    14.1 138 -99
587 G332.2055-00.4372 16 16 51.77 -51 14 28.6  31  27 <  0.032 <  0.033 <  0.140 <  0.064   14.633    8.170 <  4.190    14.1 171 -99
588 G332.2885+00.1126 16 14 49.33 -50 47 14.0   5   6 <  0.015 <  0.012 <  0.009 <  0.017    0.375 <  0.830 <  1.170   -99.9 -99 -99
589 G332.4863+00.8256 16 12 38.68 -50 08 00.5  13  10 <  0.069 <  0.049 <  0.048 <  0.037    4.478    3.360 <  0.920     7.0 149 -99
590 G332.5991+00.4730 16 14 40.33 -50 18 43.4   9   9    0.073    0.082    0.151    0.362   25.911   14.160 <  2.090    38.7 173 -99
591 G332.7156+00.5673 16 14 47.59 -50 09 48.3   7  11    0.457    0.316    0.300    0.405   20.499   13.490 <  5.220    35.2 158 -99
592 G333.1339-00.5557 16 21 35.74 -50 40 30.5   9  11 <  0.013 <  0.018 <  0.035 <  0.035    6.071 < 15.400 <141.000   -99.9 -99 -99
593 G333.1622+00.0196 16 19 10.72 -50 14 47.1   6   8 <  0.013 <  0.013 <  0.030 <  0.076    1.386    3.120 <  2.980    10.6 101 -99
594 G333.3639-00.3327 16 21 37.71 -50 21 17.4   9   8 <  0.041 <  0.034 <  0.003 <  0.280   18.632   14.150 <  5.220    38.7 148 -99
595 G333.3665-00.4112 16 21 59.29 -50 24 30.7  61  60 <  0.631 <  0.620 <  3.341 < 11.607  234.987 <399.000 <394.000   -99.9 -99 -99
596 G333.4657-00.7549 16 23 57.68 -50 34 48.9   8   7 <  0.020 <  0.017 <  0.026 <  0.033    4.372    2.950 <  1.680    21.1 156 -99
597 G333.8091-00.4724 16 24 12.64 -50 08 14.5   8  10 <  0.106 <  0.075    0.095    0.148    9.531    9.080 <  2.540    35.2 135 -99
598 G334.0241-00.2693 16 24 14.91 -49 50 30.1  18  11 <  0.058 <  0.040 <  0.205 <  0.326   48.133   37.400 < 16.930    52.7 146 -99
599 G334.1632+00.0651 16 23 22.89 -49 30 27.9   9   7    0.135    0.134    0.213    0.397    8.101   15.150 < 23.660    70.3 107 -99
600 G334.4353+00.2802 16 23 37.05 -49 09 47.0   8   5 <  0.002    0.001 <  0.002    0.038    0.581 <  0.320 <  0.530   -99.9 -99 -99
601 G335.4820-00.5212 16 31 34.44 -48 57 53.6   8  11 <  0.003 <  0.003 <  0.004 <  0.003    0.321 <  0.220 <  0.300   -99.9 -99 -99
602 G335.5830+00.9125 16 25 44.83 -47 54 03.8  22  26 <  0.009 <  0.008 <  0.003 <  0.034    1.423    0.780    1.480     7.0 173  38
603 G335.6551+00.2402 16 28 56.77 -48 18 57.1  24  26 <  0.010 <  0.024 <  0.028 <  0.173    9.037 <  1.930 <  0.750   -99.9 -99 -99
604 G335.7372-00.1943 16 31 11.30 -48 33 18.2  18  13 <  0.016 <  0.017 <  0.056 <  0.114    8.283    4.690 <  0.520    70.3 170 -99
605 G335.7388-00.2070 16 31 15.05 -48 33 45.3  12  15 <  0.027 <  0.027 <  0.048 <  0.089    4.177 <  3.540 <  3.600   -99.9 -99 -99
606 G336.1937-00.9163 16 36 16.18 -48 42 38.5  14  20 <  0.060 <  0.034 <  0.033 <  0.057    1.207    0.560 <  0.420     3.5 190 -99
607 G336.2026+00.3853 16 30 34.34 -47 49 07.9  20  17 <  0.013 <  0.004 <  0.058 <  0.174    6.929    1.370 <  0.250    21.1 436 -99
608 G336.4707-00.1574 16 34 01.87 -47 59 35.7  11  13 <  0.027 <  0.040 <  0.184 <  0.409   17.260 < 25.310 < 12.580   -99.9 -99 -99
609 G336.5213+00.3713 16 31 55.83 -47 35 46.5  13  20 <  0.008 <  0.005 <  0.029 <  0.053    6.610 <  2.160 <  0.810   -99.9 -99 -99
610 G336.6959+00.5063 16 32 03.18 -47 22 35.4  41  27 <  0.022 <  0.037 <  0.009 <  0.065    6.626    3.190 < 29.330    10.6 186 -99
611 G337.1246-00.1209 16 36 29.87 -47 29 10.9  15  26 <  0.045 <  0.005 <  0.253 <  0.537   11.940   38.830 <  9.010   186.3  92 -99
612 G337.2776-00.2660 16 37 44.53 -47 28 13.0  22  19 <  0.029 <  0.045 <  0.075 <  0.141    6.164 <  4.610 <  3.330   -99.9 -99 -99
613 G337.4526-00.7549 16 40 35.71 -47 39 55.5  25  26 <  0.076 <  0.049 <  0.012 <  0.023    2.383    1.510 <  1.440     7.0 161 -99
614 G337.7123+00.6861 16 35 19.41 -46 30 30.1  11  18 <  0.010 <  0.008 <  0.009 <  0.010    0.346 <  0.300 <  0.470   -99.9 -99 -99
615 G338.8135+00.3974 16 40 49.14 -45 52 57.5  11  17 <  0.025 <  0.015 <  0.031 <  0.082    2.435    1.460 <  0.150    14.1 165 -99
616 G338.9100+00.2346 16 41 53.28 -45 55 04.2  11  16 <  0.012 <  0.011 <  0.009 <  0.005    0.811    0.460 <  1.020     7.0 170 -99
617 G339.0781+00.3356 16 42 05.30 -45 43 29.4  14  18 <  0.050 <  0.036 <  0.038 <  0.024    1.502 <  0.990 <  0.730   -99.9 -99 -99
618 G339.0941+00.0117 16 43 32.98 -45 55 32.7  18  22 <  0.198 <  0.131    0.145    0.206    9.445    7.240 <  5.000    42.2 147 -99
619 G339.3900+00.6985 16 41 42.35 -45 15 03.8  18  23 <  0.006 <  0.016 <  0.022 <  0.111    9.037    2.190 <  1.750    17.6 327 -99
620 G339.8336-00.3418 16 47 50.85 -45 35 39.1  25  29 <  0.012 <  0.006 <  0.007 <  0.014    7.414    5.390 <  1.270    24.6 151 -99
621 G339.9911-00.3255 16 48 21.38 -45 27 48.0  20  19 <  0.068 <  0.044 <  0.015 <  0.052    7.935 <  2.500 <  3.520   -99.9 -99 -99
622 G340.0021-00.3919 16 48 41.19 -45 29 51.6  13  19 <  0.008 <  0.009 <  0.042 <  0.121    2.021    2.480 <  0.560    21.1 123 -99
623 G340.0206-00.5122 16 49 16.84 -45 33 39.0  16  23 <  0.011 <  0.009 <  0.008 <  0.006    5.279    3.110 <  1.030    21.1 167 -99
624 G340.4772-00.1528 16 49 22.85 -44 58 48.1  25  21 <  0.088 <  0.057 <  0.121 <  0.238    2.883    7.670 <  5.270    17.6  97 -99
625 G340.7642+00.5538 16 47 22.94 -44 18 19.0  14  17 <  0.047 <  0.032 <  0.021 <  0.008    0.586 <  0.260 <  2.120   -99.9 -99 -99
626 G340.8579-00.8793 16 53 55.57 -45 08 56.2  26  27    0.145    0.149    0.346    1.225  119.003   68.500 < 14.020   203.9 169 -99
627 G340.9610+00.0372 16 50 18.32 -44 29 12.8  14  18 <  0.320 <  0.272 <  0.267 <  0.183    1.241    1.700 <  0.250    14.1 118 -99
628 G340.9907-00.8351 16 54 12.39 -41 01 04.9  17  22 <  0.017 <  0.012 <  0.015 <  0.046    1.571    1.110 <  0.460     3.5 153 -99
629 G341.0892+00.3898 16 49 15.11 -44 09 44.9   9  18 <  0.027 <  0.018 <  0.020 <  0.020    0.502 <  0.550 <  1.510   -99.9 -99 -99
630 G341.2535-00.0651 16 51 47.49 -44 19 36.9  11  13 <  0.250 <  0.196 <  0.212 <  0.119    1.050 <  0.540 <  3.680   -99.9 -99 -99
631 G341.3576+00.1490 16 51 14.42 -44 06 37.1  23  29 <  0.023 <  0.067 <  0.156 <  0.213    4.586    9.810 <  0.490    35.2 103 -99
632 G341.8639-00.0599 16 53 55.42 -43 51 05.4  21  29 <  0.791 <  0.575 <  0.575 <  0.332    5.516    2.620 <  1.250    14.1 188 -99
633 G342.0482-00.4968 16 56 27.24 -43 58 57.5  18  23 <  0.003 <  0.003    0.014    0.058    8.243    9.830    2.680    94.9 124 185
634 G342.3422-00.4456 16 57 15.03 -43 43 15.8  36  28 <  0.041 <  0.029 <  0.025 <  0.070    9.444    1.860 <  8.380     7.0 439 -99
635 G342.5873+00.1600 16 55 29.55 -43 09 03.9  57  50 <  0.035 <  0.013    0.418    1.238   44.486   35.850 <  5.890    28.1 144 -99
636 G342.6947+00.3735 16 54 57.16 -42 55 59.8  20  20 <  0.003 <  0.003 <  0.007 <  0.008    0.793 <  0.160 <  0.210   -99.9 -99 -99
637 G342.7172-00.4361 16 58 29.83 -43 25 17.5  16  33 <  0.018 <  0.009 <  0.004 <  0.001    1.593    0.490 <  1.240     7.0 256 -99
638 G342.7479+00.3180 16 55 22.27 -42 55 36.4  13  22 <  0.007 <  0.001 <  0.005 <  0.021    5.498    1.570 <  0.730    14.1 274 -99
639 G343.2280-00.0569 16 58 36.27 -42 47 08.4  11  15 <  0.013 <  0.009 <  0.006 <  0.028    1.663 <  2.500 <  1.600   -99.9 -99 -99
640 G343.2499+00.0080 16 58 24.08 -42 43 41.5  16  25 <  0.059 <  0.047 <  0.040 <  0.037    4.757 <  1.350 <  1.610   -99.9 -99 -99
641 G343.2634+00.0055 16 58 27.46 -42 43 09.1  13  16 <  0.011 <  0.011 <  0.012 <  0.014    1.186 <  0.320 <  0.160   -99.9 -99 -99
642 G343.3639-00.0366 16 58 58.59 -42 39 59.2  25  28 <  0.105 <  0.073 <  0.006 <  0.020   10.899    5.820 < 10.430    28.1 175 -99
643 G343.3671-00.2354 16 59 50.27 -42 47 12.8  11  20    0.045    0.062    0.205    0.465   18.080    5.580 <  5.840   126.5 255 -99
644 G343.4493-00.1531 16 59 45.71 -42 40 17.1  17  22 <  0.006 <  0.002 <  0.007 <  0.002    1.724    0.550 <  7.180    10.6 248 -99
645 G343.5715-00.0887 16 59 53.80 -42 32 07.9   8  15 <  0.027 <  0.018 <  0.007 <  0.010    3.814    1.350 <  0.670    17.6 228 -99
646 G343.9419-00.1440 17 01 22.09 -42 16 39.8  12  18 <  0.088    0.057 <  0.045 <  0.030    0.234 <  0.180 <  0.820   -99.9 -99 -99
647 G344.4019-00.7899 17 05 39.20 -42 18 22.6   6   6 <  0.075 <  0.047 <  0.051 <  0.072    0.261    0.380 <  1.070     7.0 116 -99
648 G344.4658-00.5580 17 04 51.89 -42 06 54.4  52  40 <  0.064 <  0.009 <  0.043 <  0.226   13.694   17.100 < 12.260    24.6 122 -99
649 G344.6868-00.0376 17 03 21.98 -41 37 24.0  19  21 <  0.016 <  0.013 <  0.020 <  0.005    0.732    1.250 <  1.160     3.5 110 -99
650 G345.3932-00.0552 17 05 45.67 -41 04 17.3  66  50 <  0.056 <  0.069 <  0.074 <  0.041   36.159    9.070 < 18.850    38.7 314 -99
651 G345.6893+00.0157 17 06 22.25 -40 47 36.8  14  18 <  0.016 <  0.011 <  0.008 <  0.006    0.504    2.420 <  2.460     7.0  84 -99
652 G345.6995-00.0130 17 06 31.46 -40 48 09.8   6   8 <  0.023 <  0.011 <  0.015 <  0.026    1.096 <  1.080 <  0.460   -99.9 -99 -99
653 G346.1388-00.2184 17 08 46.86 -40 34 27.5  20  23 <  0.015 <  0.010 <  0.005 <  0.019    2.470    2.160 <  1.110    21.1 139 -99
654 G346.2576+00.0235 17 08 08.10 -40 20 04.1   9  14 <  0.008 <  0.007 <  0.003 <  0.005    0.438    0.290 <  1.130    10.6 157 -99
655 G346.2958+00.0744 17 08 02.46 -40 16 24.3  11  23 <  0.010 <  0.008 <  0.005 <  0.004    1.028    0.270 <  0.070    17.6 298 -99
656 G346.3550-00.8469 17 12 07.55 -40 46 23.3  21  25 <  0.076 <  0.046 <  0.012 <  0.022    0.169 <  0.640 <  0.360   -99.9 -99 -99
657 G346.3554-00.0225 17 08 38.10 -40 17 00.9  14  13 <  0.014 <  0.007 <  0.006 <  0.003    0.144 <  0.120 <  0.440   -99.9 -99 -99
658 G346.9309+00.2700 17 09 12.15 -39 38 50.1  16  26 <  0.571 <  0.436    0.402    0.292   12.556    7.950 <  0.400    87.9 161 -99
659 G346.9331-00.5123 17 12 29.66 -40 06 32.1  20  19 <  0.024 <  0.015 <  0.014 <  0.006    0.276 <  0.040 <  0.410   -99.9 -99 -99
660 G347.0881-00.4008 17 12 30.01 -39 55 04.8  30  25 <  0.004 <  0.022    0.397    1.052    2.194   10.400 < 16.590    70.3  84 -99
661 G347.1274+00.3027 17 09 40.41 -39 28 11.7   9  17 <  0.005 <  0.002 <  0.008 <  0.010    0.652 <  0.560 <  0.120   -99.9 -99 -99
663 G347.7334-00.0715 17 13 05.23 -39 12 08.7  15  20 <  0.056 <  0.033 <  0.041 <  0.079    2.043    2.730 <  1.760    45.7 119 -99
664 G347.8625-00.1941 17 13 59.42 -39 10 11.1  10  19 <  0.011 <  0.007 <  0.005 <  0.009    0.718    1.110 <  0.550    14.1 113 -99
665 G348.1651-00.0199 17 14 10.48 -38 49 20.7  17  23 <  0.100 <  0.057 <  0.050 <  0.038    0.701    1.310 <  0.920     7.0 107 -99
666 G348.4032-00.5384 17 17 03.19 -38 55 49.5  13  20 <  0.300 <  0.161 <  0.128 <  0.089    0.976 <  0.650 <  0.550   -99.9 -99 -99
667 G348.7967+00.1455 17 15 22.36 -38 12 46.9  35  32 <  0.259 <  0.175 <  0.374 <  0.745    6.211 <  9.960 <  4.660   -99.9 -99 -99
668 G348.9673+00.3038 17 15 13.43 -37 58 55.7  14  25 <  0.004 <  0.008 <  0.013 <  0.012    1.061    1.500 <  1.380    14.1 117 -99
669 G349.0709-00.0730 17 17 05.26 -38 06 59.7  10  14 <  0.010 <  0.007 <  0.015 <  0.005    0.581    0.610 <  0.860    24.6 130 -99
670 G349.1333-00.0565 17 17 12.16 -38 03 22.1  11  10 <  0.007 <  0.002 <  0.002 <  0.011    0.237 <  0.340 <  0.480   -99.9 -99 -99
671 G349.2256+00.2451 17 16 13.63 -37 48 22.2   9  12 <  0.002 <  0.003 <  0.002 <  0.008    0.176    0.280 <  0.140     7.0 112 -99
672 G349.3092+00.0660 17 17 12.71 -37 50 30.4  26  18 <  0.426 <  0.320 <  0.290 <  0.170    2.541    2.840 <  2.720    21.1 127 -99
673 G349.5431-00.5952 17 20 38.28 -38 01 48.9  17  20 <  0.062 <  0.035 <  0.021 <  0.008    0.165    0.670 <  1.170     7.0  87 -99
674 G349.6090-00.6859 17 21 12.43 -38 01 40.1  10  13 <  0.021 <  0.010 <  0.010 <  0.002    0.239    0.950 <  0.340    10.6  88 -99
675 G349.8034-00.1782 17 19 39.59 -37 34 41.6  53  24 <  0.436 <  0.076 <  0.057    1.036   54.596  176.710 < 37.260    77.3  92 -99
676 G349.8858+00.1258 17 18 38.63 -37 20 10.5  75  58 <  0.815 <  0.877 <  1.372 <  3.220   33.594   55.490 < 82.480    70.3 111 -99
677 G350.0056-00.4521 17 21 22.63 -37 34 07.3  40  28 <  0.306 <  0.154 <  0.147 <  0.074   16.185   42.900 < 52.550    28.1  97 -99
678 G350.0179-00.4474 17 21 23.58 -37 33 21.2  31  28 <  0.097 <  0.086 <  0.096 <  0.044    4.857   16.150 < 20.260    38.7  92 -99
680 G350.4685-00.3800 17 22 24.13 -37 08 48.5  23  21 <  0.291 <  0.415 <  0.180 <  0.152    1.650    7.420 <  1.270    21.1  85 -99
681 G350.6032+01.0332 17 17 00.53 -36 13 36.6  22  33 <  0.069 <  0.039 <  0.004 <  0.034    0.775 <  0.610 <  1.900   -99.9 -99 -99
682 G350.7227+01.0358 17 17 20.44 -36 07 40.2  15  24 <  0.061 <  0.048 <  0.074 <  0.046    1.351 <  5.550 <  4.050   -99.9 -99 -99
683 G350.9956-00.5381 17 24 32.75 -36 48 03.9  17  16 <  0.105 <  0.074 <  0.045 <  0.040    1.777 <  5.440 <  4.720   -99.9 -99 -99
684 G351.5370+00.6219 17 21 19.30 -35 41 53.7  23   8 <  0.001 <  0.060 <  0.001 <  0.012    0.263    3.150 < 17.400    21.1  70 -99
685 G351.6532+00.5115 17 22 05.61 -35 39 55.5  33  45 <  0.404 <  0.125    1.762    6.556   88.551  172.200  152.040   151.1 106  53
686 G352.0520-00.6590 17 27 58.66 -35 59 33.6  19  28 <  0.043 <  0.030 <  0.071 <  0.164    0.437    2.200 <  3.960    14.1  83 -99
687 G352.0642-00.8984 17 28 59.82 -36 06 54.7  20  26 <  0.094 <  0.046 <  0.017 <  0.008    0.919 <  1.890 <  0.420   -99.9 -99 -99
688 G352.4288-00.0241 17 26 24.88 -35 19 34.1  54  56 <  0.178 <  0.087 <  0.237 <  0.571   13.100   47.060 <  7.500   309.3  90 -99
689 G352.4634+00.0358 17 26 15.96 -35 15 50.2  24  30 <  0.230 <  0.136 <  0.150 <  0.759    0.810    8.510 <  8.250    59.8  72 -99
690 G353.0423+00.0582 17 27 45.06 -34 46 15.0  32  26 <  0.058 <  0.028 <  0.036 <  0.058    0.371    3.050 <  2.590    17.6  75 -99
692 G353.4162+00.4482 17 27 11.26 -34 14 35.4  49  35 <  0.390 <  0.330 <  0.130    1.920   76.540   66.400 < 22.400    80.8 140 -99
693 G353.6114-00.0452 17 29 42.00 -34 21 15.2  23  24 <  0.043 <  0.042 <  0.333 <  1.048    2.745 < 30.740 < 13.470   -99.9 -99 -99
694 G355.4972-00.7571 17 37 30.53 -33 09 32.2  15  25 <  0.058 <  0.197 <  0.031 <  0.028    0.245    1.560 <  0.520     2.1  79 -99
695 G355.6814+00.0167 17 34 52.61 -32 35 12.8  39  43 <  0.013 <  0.010 <  0.037 <  0.003    2.860    5.540 < 19.550    21.1 106 -99
696 G355.7982+00.1077 17 34 48.83 -32 26 21.9  42  24    0.056    0.045    0.380    1.064    1.431   23.110   47.950   161.7  66  37
697 G356.3273+00.6078 17 34 11.03 -31 43 25.3  58  40 <  0.489 <  0.292 <  0.287 <  0.371    4.185   18.920 < 21.460    10.6  85 -99
698 G356.4018-00.1587 17 37 24.83 -32 04 28.3  22  33 <  0.351 <  0.250 <  0.277 <  0.111    0.614    3.860 <  1.580    17.6  79 -99
699 G356.5905-00.2945 17 38 25.91 -31 59 16.3  16  23 <  0.030 <  0.015 <  0.035 <  0.003    0.184 <  0.920 <  4.890   -99.9 -99 -99
700 G356.6602+00.9209 17 33 47.90 -31 16 27.0  28  38 <  0.813 <  0.538 <  0.492 <  0.305    0.461    0.300 <  7.330   -99.9 159 -99
701 G357.2959+00.7500 17 36 04.52 -30 49 55.6  11  16 <  0.097 <  0.032 <  0.056 <  0.042    1.060 <  0.080 <  1.060   -99.9 -99 -99
702 G357.9016+00.5513 17 38 21.94 -30 25 39.8  20  27 <  0.069 <  0.028 <  0.015 <  0.042    0.848    0.890 <  1.870    10.6 130 -99
703 G357.9651-00.2206 17 41 33.68 -30 47 03.1  16  18    0.022    0.018    0.041    0.095    0.256 <  3.300 <  6.230   -99.9 -99 -99
704 G358.1100-00.3104 17 42 16.33 -30 42 30.6  19  18 <  0.196 <  0.116 <  0.083 <  0.048    0.084 <  2.060 <  4.010   -99.9 -99 -99
705 G359.0835-00.4367 17 45 08.21 -29 56 45.3  51   3 <  1.337 <  0.726 <  0.264    1.392    4.792   23.830 < 34.270    14.1  83 -99
706 G359.2794+00.5232 17 41 51.04 -29 16 31.1  15  21 <  0.024 <  0.025 <  0.020 <  0.006    1.231 <  1.640 <  7.460   -99.9 -99 -99
707 G359.4811+00.2780 17 43 17.60 -29 13 58.7  96  30 <  1.379 <  1.512 <  1.949 <  1.509    7.376 < 33.950 <  7.040   -99.9 -99 -99
708 G359.9016-00.3174 17 46 37.60 -29 11 07.1  22  20 <  0.218 <  0.113 <  0.207 <  1.010    9.897   28.360 < 29.420    73.8  95 -99
709 G359.9536-00.5088 17 47 30.01 -29 14 24.2  17  20 <  0.490 <  0.327 <  0.420 <  0.822    8.845   21.850 <  0.560    21.1  99 -99
