 13 G006.2812+23.5877 16 37 09.54 -10 34 01.5 173 404  6.250  7.995  51.320 343.770  246.700   61.550   9.8 158 240
 39 G013.4900+01.6618 18 08 46.51 -16 25 56.9 108  92 <0.675 <0.677   3.406  21.430  -99.999  -99.999 -99.9 -99 -99
 54 G015.0813-00.6570 18 05 58.84 -14 11 53.0 101  91 <0.113 <0.472   3.298  28.885  -99.999  -99.999 -99.9 -99 -99
 64 G016.8993-01.1152 18 25 38.90 -14 45 05.7  53  39 <0.265 <0.403   4.194  20.757  -99.999  -99.999 -99.9 -99 -99
 66 G016.9848+01.7482 18 15 23.97 -13 19 35.3 102 127  0.368  0.509   9.384  52.448  -99.999  -99.999 -99.9 -99 -99
154 G031.1096+03.6457 18 35 08.21 +00 02 34.8  30  28  0.053  0.048   0.184   0.790  -99.999  -99.999 -99.9 -99 -99
240 G045.9397+03.2506 19 03 40.72 +13 03 11.5  17  18 <0.010 <0.005 < 0.005   0.010  -99.999  -99.999 -99.9 -99 -99
272 G050.9339+03.0747 19 13 48.34 +17 24 15.5  16  21 <0.008 <0.004 < 0.005   0.025  -99.999  -99.999 -99.9 -99 -99
298 G059.9225-01.9671 19 51 08.28 +22 49 53.9  13  13  0.024  0.020   0.037   0.142  -99.999  -99.999 -99.9 -99 -99
310 G061.8355+02.9452 19 36 31.44 +26 56 30.2  25  25 <0.015 <0.008 < 0.001   0.065  -99.999  -99.999 -99.9 -99 -99
313 G063.5153-01.4433 19 57 17.76 +26 10 49.2  13  23 <0.007 <0.004   0.035   0.019  -99.999  -99.999 -99.9 -99 -99
315 G064.0602+01.6348 19 46 39.32 +28 13 23.2  35  73 <0.077 <0.009 < 0.007   0.254  -99.999  -99.999 -99.9 -99 -99
316 G064.7582+00.2889 19 53 30.15 +28 08 20.1   8  10 <0.001 <0.003 < 0.008   0.061  -99.999  -99.999 -99.9 -99 -99
317 G067.1370-00.6744 20 02 57.58 +29 39 49.9  29  24 <0.008 <0.005   0.031   0.031  -99.999  -99.999 -99.9 -99 -99
318 G073.2946-01.6939 20 22 58.66 +34 14 20.3  21  19 <0.001 <0.002   0.016   0.015  -99.999  -99.999 -99.9 -99 -99
319 G073.3536+02.5872 20 05 38.06 +36 39 37.3   5 151 <0.002 <0.002 < 0.020   0.134  -99.999  -99.999 -99.9 -99 -99
320 G073.6200+01.8522 20 09 25.91 +36 29 19.1  37  24 <0.056 <0.065   0.089   2.983    6.480 <  2.610   7.0 110 -99
321 G074.1929+00.9964 20 14 33.30 +36 29 48.6   8   9 <0.001 <0.020   0.021   0.124  -99.999  -99.999 -99.9 -99 -99
322 G074.3117+01.0041 20 14 51.09 +36 35 59.7  21  25 <0.002 <0.001   0.020   0.507    1.600 <  1.020   3.5 100 -99
323 G075.1730-00.5964 20 23 50.71 +36 24 26.4  13   7  0.023  0.031   0.155   0.890  -99.999  -99.999 -99.9 -99 -99
324 G075.5296+02.1392 20 13 28.91 +38 14 31.7  29  22 <0.015 <0.008 < 0.033   0.213 <  0.410 <  0.540 -99.9 -99 -99
325 G075.5717-00.2559 20 23 35.67 +36 55 44.2  15  14 <0.040 <0.045   0.042   0.195  -99.999  -99.999 -99.9 -99 -99
326 G076.0752-02.2041 20 32 56.25 +36 12 00.5  22  16 <0.004 <0.005 < 0.005   0.123  -99.999  -99.999 -99.9 -99 -99
327 G076.1585+00.6305 20 21 37.27 +37 55 03.2  15   7 <0.004 <0.004   0.254   1.266    4.380 <  2.120  38.7  98 -99
328 G076.6921-02.4071 20 35 34.41 +36 34 25.7  16  12 <0.002 <0.003 < 0.004   0.039  -99.999  -99.999 -99.9 -99 -99
330 G077.3613+01.1621 20 22 54.07 +39 12 29.4  30  19 <0.159 <0.108 < 0.153   0.636 <  0.870 <  0.570 -99.9 -99 -99
343 G082.3557+02.9571 20 30 34.98 +44 18 54.9 300 190 <0.264 <0.187  10.798 148.857  -99.999  -99.999 -99.9 -99 -99
344 G082.4100+02.3254 20 33 36.08 +43 59 07.4 171 108 <0.066 <0.115  18.036 141.124  482.200  134.800  52.7  98 174
345 G083.4956-01.2840 20 52 53.20 +42 36 27.8  13  19 <0.027 <0.020   0.641   2.977  -99.999  -99.999 -99.9 -99 -99
346 G083.9246-00.6778 20 51 50.20 +43 19 29.8  18  10 <0.022 <0.025   0.103   0.557  -99.999  -99.999 -99.9 -99 -99
347 G084.3099-01.4401 20 56 24.08 +43 07 46.5  55  37 <0.050 <0.030   0.363   2.060  -99.999  -99.999 -99.9 -99 -99
348 G085.3709+01.1839 20 48 54.96 +45 37 26.8  27  25 <0.016 <0.011   0.059   0.176 <  0.090 <  0.350 -99.9 -99 -99
349 G092.3191+00.0601 21 21 39.03 +50 02 02.3  10  15 <0.004 <0.005   0.036   0.211  -99.999  -99.999 -99.9 -99 -99
350 G092.7265+00.1806 21 22 55.75 +50 24 22.9  18  23 <0.012 <0.009   0.013   0.158 <  0.550 <  0.150 -99.9 -99 -99
351 G101.7224-00.6506 22 12 29.95 +55 32 05.4  36  22 <0.002 <0.001 < 0.009   0.070  -99.999  -99.999 -99.9 -99 -99
359 G107.1371-00.6974 22 46 40.45 +58 17 43.8  41  33 <0.002 <0.002   0.262   1.787  -99.999  -99.999 -99.9 -99 -99
360 G108.0269-00.3497 22 51 33.78 +59 00 30.7  45  23  0.117  0.132   1.021   7.851  -99.999  -99.999 -99.9 -99 -99
363 G112.0188+01.1208 23 16 27.05 +61 57 46.6  34  42 <0.035 <0.047   0.620   3.723 <  8.240 <  1.560 -99.9 -99 -99
364 G119.4436-00.9208 00 21 53.89 +61 45 02.6  30  21 <0.025 <0.015   0.023   1.444  -99.999  -99.999 -99.9 -99 -99
365 G120.7398+02.4897 00 30 28.33 +65 16 19.7  41  20 <0.001 <0.001   0.035   0.146 <  0.210 <  0.680 -99.9 -99 -99
366 G120.9137+09.0357 00 25 51.24 +71 48 25.7  46  24 <0.003 <0.004   0.067   0.385  -99.999  -99.999 -99.9 -99 -99
367 G133.1567+00.0432 02 17 53.20 +61 11 12.8  34  27 <0.006 <0.003   0.253   0.745    1.310    2.370   3.5 116  39
368 G134.3552+00.8182 02 29 30.47 +61 29 44.1  22  16 <0.003 <0.002   0.057   0.375    1.390 <  0.220  17.6  96 -99
369 G137.4203+01.2792 02 54 10.66 +60 39 03.5  67  47 <0.028 <0.018   0.199   2.089   17.380    5.250   7.0  81 148
370 G144.0656+14.0424 04 54 03.01 +66 20 33.6 900 600 <0.051 <0.074   1.294  19.243  -99.999  -99.999 -99.9 -99 -99
371 G151.0318-00.8271 04 05 53.02 +51 06 57.9  39  48 <0.006 <0.007   0.102   0.602  -99.999  -99.999 -99.9 -99 -99
372 G151.9227-00.5651 04 11 10.71 +50 42 29.9  21  40 <0.001 <0.002   0.062   0.454  -99.999  -99.999 -99.9 -99 -99
373 G156.3159-16.7353 03 32 40.02 +35 27 42.2  37  56 <0.041 <0.033   0.055   0.096  -99.999  -99.999 -99.9 -99 -99
374 G164.9727+12.9727 06 05 52.42 +48 14 57.3  90  85 <0.004 <0.003   0.103   0.484  -99.999  -99.999 -99.9 -99 -99
375 G172.0813-02.2592 05 16 18.15 +34 18 44.3  22  15 <0.049 <0.047   1.618   2.886  -99.999  -99.999 -99.9 -99 -99
376 G206.2096+00.7982 06 41 59.20 +06 20 43.5 204 113 <0.025 <0.014   0.603  18.642  -99.999  -99.999 -99.9 -99 -99
377 G208.7297-02.6311 06 34 23.56 +02 32 02.9  53  36  0.121  0.139   1.463  10.842  -99.999  -99.999 -99.9 -99 -99
378 G210.4356-20.9830 05 31 55.86 -07 18 05.5  72  50 <0.004 <0.003   0.098   0.350  -99.999  -99.999 -99.9 -99 -99
379 G216.4242+00.1839 06 58 28.16 -03 01 25.4  45  50 <0.029 <0.016   0.021   0.480    1.720 <  0.570   7.0  97 -99
380 G223.7092-01.9008 07 04 25.52 -10 27 15.9  23  42 <0.168 <0.164   1.727  17.743    9.180 <  0.910  24.6 183 -99
381 G224.1685-00.7784 07 09 20.25 -10 20 47.6 220 214 <0.009 <0.002   0.227   6.796   56.150 < 53.380   3.5  82 -99
382 G224.7096-01.7938 07 06 40.76 -11 17 38.4 133  44 <0.243 <0.329   0.939   9.524   29.640 < 11.830  10.6 100 -99
383 G243.8223+00.1409 07 53 01.01 -27 06 57.7  50  23 <0.046 <0.027   0.145   1.826  -99.999  -99.999 -99.9 -99 -99
384 G253.7104-00.1920 08 16 32.00 -35 38 54.0  32  21 <0.025 <0.022   0.234   1.867    5.120 <  1.710  10.6 104 -99
385 G263.0228+02.3045 08 55 27.66 -41 35 22.2 138  67 <0.017 <0.053   0.930  11.075  -99.999  -99.999 -99.9 -99 -99
386 G263.0583+03.9299 09 02 06.86 -40 33 16.9  84  46  0.128  0.140   2.627  19.895  -99.999  -99.999 -99.9 -99 -99
387 G263.6130+00.5540 08 50 13.43 -43 09 48.3  40  27 <0.001 <0.002 < 0.019   0.372  -99.999  -99.999 -99.9 -99 -99
388 G264.1438+00.2735 08 50 53.24 -43 45 05.4  61  31 <0.001 <0.010   0.149   3.893  -99.999  -99.999 -99.9 -99 -99
389 G264.4784+00.2731 08 52 04.13 -44 00 35.0  15  28 <0.006 <0.008   0.280   1.660  -99.999  -99.999 -99.9 -99 -99
390 G266.0149+00.0037 08 56 28.47 -45 21 31.9  20  15 <0.056 <0.039   0.029   0.617  -99.999  -99.999 -99.9 -99 -99
391 G268.9550-01.9022 08 59 14.91 -48 49 49.2  34  19 <0.007 <0.005   0.093   0.658    1.410 <  0.510   5.3 110 -99
392 G269.2089-00.9138 09 04 44.79 -48 21 59.2  38  34 <0.016 <0.012   0.143   1.169    4.260 <  3.200   4.2  97 -99
393 G269.2687-02.4055 08 58 10.40 -49 23 47.4  17  21 <0.012 <0.008   0.062   0.382  -99.999  -99.999 -99.9 -99 -99
394 G272.5794-01.7247 09 15 18.24 -51 23 12.0  39  30 <0.067 <0.054   0.474   5.064    7.920 <  9.440   6.7 121 -99
395 G273.1192-01.9620 09 16 37.25 -51 56 22.6  25  25 <0.006 <0.003   0.018   0.855    3.020 <  0.940   4.2  97 -99
396 G281.4302-01.2395 10 02 51.33 -56 54 01.2  24  19 <0.008 <0.009   0.069   0.767    1.550 <  2.340   7.7 112 -99
397 G282.1647-00.0256 10 12 20.45 -56 20 33.9  33  30  0.069  0.091   2.202  12.888    8.090 <  2.370  14.1 167 -99
398 G282.4664-02.4659 10 03 36.05 -58 30 08.4  35  26  0.081  0.074   1.377   1.151  -99.999  -99.999 -99.9 -99 -99
403 G285.4396+00.7971 10 35 49.86 -57 23 42.7  26  22 <0.005 <0.007   0.174   1.044  -99.999  -99.999 -99.9 -99 -99
404 G286.0588-01.6633 10 30 23.28 -59 49 53.2  59  37 <0.034 <0.015   0.398   5.101   12.900 < 11.700   5.3 106 -99
405 G286.4644-00.3478 10 38 19.14 -58 53 46.7  25  18 <0.043 <0.047   0.538   6.424    6.920 < 11.400  14.1 136 -99
406 G287.1148-01.0236 10 40 12.38 -59 48 10.3  25  15 <0.006 <0.004   1.828   8.969    3.130 <  3.400  35.2 230 -99
413 G288.3138-01.3085 10 47 38.87 -60 37 04.2  25  24 <0.048 <0.045   0.319   4.524    6.870 <  5.480  10.6 122 -99
431 G302.4232+03.1730 12 47 24.68 -59 41 41.0 283 151 <0.805 <0.967   4.128  46.878  -99.999  -99.999 -99.9 -99 -99
432 G302.4623+03.1796 12 47 43.26 -59 41 19.5 283 151 <0.805 <0.967   4.128  46.878  -99.999  -99.999 -99.9 -99 -99
575 G329.9790-08.4736 16 47 19.65 -58 20 29.2  31  44  0.049  0.043   1.405   6.154  -99.999  -99.999 -99.9 -99 -99
581 G331.6369+01.9538 16 04 00.49 -49 52 21.2  18  22  0.001  0.003   0.028   0.350  -99.999  -99.999 -99.9 -99 -99
662 G347.1413+02.3800 17 01 13.00 -38 12 11.9 -99 -99 <0.129 <0.085   0.425   8.330  -99.999  -99.999 -99.9 -99 -99
679 G350.0969+22.4904 16 00 20.01 -22 37 18.1 -99 -99 <0.425 <0.186   4.522  47.940  -99.999  -99.999 -99.9 -99 -99
691 G353.0649+01.2985 17 22 50.02 -34 03 22.4 -99 -99 <0.008 <0.012 < 0.068   2.142  -99.999  -99.999 -99.9 -99 -99
