1.0 0.07042667366888213
2.0 0.07047571565793909
3.0 0.06914802964614786
4.0 0.06960849172395209
5.0 0.0720503058122552
6.0 0.07085414813912433
7.0 0.07053143709250119
8.0 0.07183472229086835
9.0 0.07061048856248027
10.0 0.0713640927620556
11.0 0.07159537271313045
12.0 0.07200794278279594
13.0 0.07097038983002953
14.0 0.06974041656307552
15.0 0.07130492381427599
16.0 0.07026608806589375
17.0 0.07071865965490756
18.0 0.06969449167018352
19.0 0.07025533898369125
20.0 0.06988607962494311
21.0 0.07137974578401317
22.0 0.07009010519022527
23.0 0.07040820076413777
24.0 0.07130362158236296
25.0 0.07110756052576978
26.0 0.07273008609595506
27.0 0.07171676502279613
28.0 0.07215420513049416
29.0 0.07268444967010747
30.0 0.07152223101128703
31.0 0.07039036634175674
32.0 0.06996757618111113
33.0 0.06988313810332962
34.0 0.06905988636224167
35.0 0.06787603753416435
36.0 0.06686636254839275
37.0 0.06710207316538562
38.0 0.06669521720513054
39.0 0.06680232918132907
40.0 0.06708924002621484
41.0 0.06604013268066489
42.0 0.06304491781022238
43.0 0.06390831635698029
44.0 0.06598978036123773
45.0 0.06471715770337892
46.0 0.06522668833317964
47.0 0.06467039381032405
48.0 0.06555205486390901
49.0 0.06537102551563927
50.0 0.06705500023520511
51.0 0.06571715762433798
52.0 0.06587698683142662
53.0 0.06560382635697075
54.0 0.06581338964726614
55.0 0.0650442945568458
56.0 0.06489061677585477
57.0 0.06458606182233147
58.0 0.0646435130873452
59.0 0.06515835241779037
60.0 0.06419949492682582
61.0 0.06531700346132983
62.0 0.06412849575281143
63.0 0.06415253569898398
64.0 0.06358569828064545
65.0 0.06436681067166121
66.0 0.06391302107468895
67.0 0.06529204595995985
68.0 0.06499732156162677
69.0 0.06476684287190437
70.0 0.06483044572498488
71.0 0.06574672541540602
72.0 0.06521500452705052
73.0 0.06478808868838393
74.0 0.0644706022804198
75.0 0.06403245096621306
76.0 0.0637978697600572
77.0 0.06369065007437831
78.0 0.06443665792112765
79.0 0.06560449723316275
80.0 0.06578820587500282
81.0 0.06546087935566902
82.0 0.0664449292032615
83.0 0.06763557409462721
84.0 0.06791808812514595
85.0 0.06816421999879506
86.0 0.07007510150256364
87.0 0.07105957554734271
88.0 0.07011030128468639
89.0 0.07146714789711911
90.0 0.0700167644283046
91.0 0.07037736086741737
92.0 0.07154607157344403
93.0 0.07169114377187646
94.0 0.07160374975722769
95.0 0.07309736181860385
96.0 0.07346884517566017
97.0 0.07328353919412779
98.0 0.0732195733681969
99.0 0.07393934836854106
100.0 0.07324516222528789
101.0 0.07380583137273788
102.0 0.07319446588340013
103.0 0.07482925057411194
104.0 0.07305127187915471
105.0 0.07452802716389946
106.0 0.07425425266442091
107.0 0.07396158802768459
108.0 0.07394219092700792
109.0 0.07242574801911479
110.0 0.07013390537189401
111.0 0.0699369685481424
112.0 0.06965091565380925
113.0 0.06823744138945705
114.0 0.06819607058297032
115.0 0.06822216575560362
116.0 0.06896055052461832
117.0 0.06714378993796266
118.0 0.06772059509935587
119.0 0.0683538683730623
120.0 0.06760473905698113
121.0 0.06912782934048901
122.0 0.06933321593248326
123.0 0.0695175236981848
124.0 0.06881889182588329
125.0 0.06901337902830995
126.0 0.06837001313333926
127.0 0.06840368813794592
128.0 0.06874353697766429
129.0 0.07193620664917905
130.0 0.07152663851561754
131.0 0.07243556788434154
132.0 0.07245268786083096
133.0 0.0733763896252798
134.0 0.07574893728546474
135.0 0.07717673966418141
136.0 0.07795725536087285
137.0 0.07784184262804363
138.0 0.0773017458293749
139.0 0.07632258566825287
140.0 0.07447804640168729
141.0 0.07430682946806369
142.0 0.07452724485293678
143.0 0.07385039264741151
144.0 0.07341380352559297
145.0 0.07467183600301328
146.0 0.07390350880830185
147.0 0.07218293780865877
148.0 0.07131853894047115
149.0 0.06974507657730061
150.0 0.06831755489110947
151.0 0.0674570461978083
152.0 0.06759698705180832
153.0 0.06773896790716959
154.0 0.06712845550931018
155.0 0.06651273888090382
156.0 0.06618228943451591
157.0 0.0659290412845819
158.0 0.06632592933981316
159.0 0.0656477710151154
160.0 0.06550793900437978
161.0 0.06743076152127722
162.0 0.06786797001310017
163.0 0.0677006830987723
164.0 0.06846275569304176
165.0 0.06866056407275407
166.0 0.06685157314590785
167.0 0.06731340888401736
168.0 0.06660421160252197
169.0 0.06716371635379999
170.0 0.06875428881334222
171.0 0.0677214081844558
172.0 0.06688013478465703
173.0 0.06845921067439992
174.0 0.06726940170578334
175.0 0.06649286802048268
176.0 0.06539388616447864
177.0 0.0663162236628325
178.0 0.06729735790387444
179.0 0.06758170850251032
180.0 0.06820174420009488
181.0 0.06783001432600229
182.0 0.06720470944824426
183.0 0.06785564821051515
184.0 0.0700570387036904
185.0 0.06969960681770158
186.0 0.06994923949241638
187.0 0.07032104646382124
188.0 0.07147834190855855
189.0 0.07039663211806961
190.0 0.0717026291658049
191.0 0.07158973667284717
192.0 0.07149082065924355
193.0 0.0717206526061763
194.0 0.07188287911855656
195.0 0.07198670133948326
196.0 0.07268868840259055
197.0 0.07360055216628572
198.0 0.07108925947028658
199.0 0.07202290824573973
200.0 0.07227373447107233
201.0 0.07168238820589107
202.0 0.07260986385138138
203.0 0.07274346215569455
204.0 0.07151285737105038
205.0 0.07015738425695378
206.0 0.07177239283919334
207.0 0.07279748032274454
208.0 0.07332431363022845
209.0 0.07189478368862816
210.0 0.07171310824544533
211.0 0.07230633108512215
212.0 0.07152230940435243
213.0 0.0719563954550287
214.0 0.07097328956360402
215.0 0.07181035273748895
216.0 0.07214504043045251
217.0 0.07242590901644333
218.0 0.07319029922718587
219.0 0.0748242904310641
220.0 0.07522229040446489
221.0 0.07582847838816435
222.0 0.07551110114740289
223.0 0.07629334181547165
224.0 0.07644246907337852
225.0 0.07730914344606192
226.0 0.07537370239910872
227.0 0.07458703511435053
228.0 0.07539467157229134
229.0 0.07475115132072697
230.0 0.07459058029496152
231.0 0.07440610683482626
232.0 0.07311966205420702
233.0 0.07234127285039943
234.0 0.07130235741319864
235.0 0.0704053839587647
236.0 0.07016913090711055
237.0 0.07051322916927545
238.0 0.06939348627043807
239.0 0.06862218354059302
240.0 0.06838703123123749
241.0 0.06994246124573376
242.0 0.06865170614227005
243.0 0.0665541990943577
244.0 0.06664746691999228
245.0 0.06743819930631181
246.0 0.06785937042339989
247.0 0.06700600780870604
248.0 0.06674019636019417
249.0 0.06659970902230429
250.0 0.06592409442300382
251.0 0.066214128518882
252.0 0.06511842831969261
253.0 0.06649697847340418
254.0 0.06713688972851505
255.0 0.06702376221833022
256.0 0.06755476007642953
257.0 0.06851490586996078
258.0 0.06748749526298564
259.0 0.06712073314449062
260.0 0.06749301581926968
261.0 0.0688649334985277
262.0 0.06562435335439185
263.0 0.0662364034872988
264.0 0.06808126928365749
265.0 0.06827547158236089
266.0 0.06713876468331917
267.0 0.06738871854284535
268.0 0.06742965381430543
269.0 0.06655399679489758
270.0 0.06613154725536056
271.0 0.06681874021887779
272.0 0.06639184187287869
273.0 0.06605071817403255
274.0 0.06441805722272914
275.0 0.06360798102358113
276.0 0.06502828909003217
277.0 0.06459768683366153
278.0 0.06556407605176387
279.0 0.06593591169170711
280.0 0.0654159763261028
281.0 0.06397849953045016
282.0 0.06285988798607951
283.0 0.060734571484119995
284.0 0.05894284954537516
285.0 0.05832203671984051
286.0 0.05649419096500977
287.0 0.056982506066560745
288.0 0.05551280615770299
289.0 0.054965776431819664
290.0 0.054314545477214066
291.0 0.05562954930507619
292.0 0.05503548940886622
293.0 0.05401910776677339
294.0 0.0546818165027577
295.0 0.054905980015578476
296.0 0.05536304802998253
297.0 0.055863955260618874
298.0 0.05636290574203367
299.0 0.056828377849381904
300.0 0.05636526320291602
301.0 0.05634722858667374
302.0 0.05656252688039904
303.0 0.05581444712436717
304.0 0.05576263384326645
305.0 0.05584949157808138
306.0 0.05382606646288996
307.0 0.05278228352899137
308.0 0.053373665103445884
309.0 0.05181272538459819
310.0 0.052835430464018944
311.0 0.05398192710202673
312.0 0.05424996530232222
313.0 0.05428144643488138
314.0 0.05308044005347335
315.0 0.05359431777311408
316.0 0.052837911183419434
317.0 0.05390080113125884
318.0 0.05293261437960293
319.0 0.05305504572132359
320.0 0.05223901505055635
321.0 0.05158044916132222
322.0 0.05101109539037165
323.0 0.0509797519315844
324.0 0.04955623898169269
325.0 0.04838264879325162
326.0 0.0482213268785373
327.0 0.04669322332610255
328.0 0.04634774038973062
329.0 0.046062721668378166
330.0 0.04642276060969933
331.0 0.04552842903396358
332.0 0.04588799761689227
333.0 0.04580306796276051
334.0 0.045692879382682884
335.0 0.0462263367422249
336.0 0.046607977994110275
337.0 0.046728948374157364
338.0 0.0458406841625338
339.0 0.04557853872361391
340.0 0.04595272777521092
341.0 0.04661794395550438
342.0 0.0465399838336136
343.0 0.046363752821217415
344.0 0.047722150126229164
345.0 0.045700547001931976
346.0 0.0453048763067826
347.0 0.044451583662758705
348.0 0.045701223547044006
349.0 0.0448047337324723
350.0 0.046394771531872124
351.0 0.04397168625955996
352.0 0.04386453848818074
353.0 0.04402210109907648
354.0 0.043019672450811966
355.0 0.04333898975797321
356.0 0.04143439103727755
357.0 0.039957080360340035
358.0 0.03969223117050917
359.0 0.040639957818000214
360.0 0.03950407194054645
361.0 0.03896375219135181
362.0 0.03861121339318545
363.0 0.038142667840356415
364.0 0.03965214866658916
365.0 0.04184227639242359
366.0 0.04122469153093255
367.0 0.04193681915817053
368.0 0.04310361198757006
369.0 0.04420345147018847
370.0 0.04457864076223062
371.0 0.04411699363718862
372.0 0.04327841159766135
373.0 0.044311205006164055
374.0 0.04491250994412795
375.0 0.04469458135249822
376.0 0.044911401994202446
377.0 0.045993587569050164
378.0 0.04529636247974375
379.0 0.043891924797840744
380.0 0.04371908946853617
381.0 0.043645569406773735
382.0 0.04267954737271951
383.0 0.04061149400861367
384.0 0.04118924944297127
