1.0 34.30554246902466
2.0 34.32754969596863
3.0 34.35436177253723
4.0 34.36016321182251
5.0 34.373868227005005
6.0 34.3408088684082
7.0 34.24307155609131
8.0 34.25283122062683
9.0 34.36629605293274
10.0 34.44432187080383
11.0 34.45341658592224
12.0 34.42919850349426
13.0 34.423776149749756
14.0 34.45353055000305
15.0 34.39529609680176
16.0 34.36989378929138
17.0 34.38129639625549
18.0 34.40994834899902
19.0 34.42760229110718
20.0 34.421122312545776
21.0 34.4279260635376
22.0 34.4714469909668
23.0 34.46433353424072
24.0 34.431504249572754
25.0 34.438329219818115
26.0 34.43980407714844
27.0 34.41315150260925
28.0 34.358386754989624
29.0 34.32850360870361
30.0 34.343703508377075
31.0 34.30236744880676
32.0 34.30834698677063
33.0 34.344910860061646
34.0 34.365803956985474
35.0 34.39051008224487
36.0 34.42141628265381
37.0 34.38862085342407
38.0 34.40437579154968
39.0 34.36213231086731
40.0 34.351831912994385
41.0 34.30412673950195
42.0 34.26223611831665
43.0 34.25749373435974
44.0 34.252641916275024
45.0 34.29445719718933
46.0 34.31199908256531
47.0 34.33478784561157
48.0 34.388474225997925
49.0 34.378594160079956
50.0 34.40288782119751
51.0 34.42669415473938
52.0 34.39980912208557
53.0 34.36634087562561
54.0 34.36263561248779
55.0 34.3751802444458
56.0 34.360023021698
57.0 34.36025333404541
58.0 34.34765362739563
59.0 34.324042320251465
60.0 34.3362398147583
61.0 34.37068438529968
62.0 34.38828802108765
63.0 34.40921998023987
64.0 34.429686546325684
65.0 34.45044255256653
66.0 34.48280620574951
67.0 34.48294997215271
68.0 34.48581409454346
69.0 34.468544721603394
70.0 34.47681212425232
71.0 34.49832773208618
72.0 34.53382086753845
73.0 34.47304725646973
74.0 34.50487518310547
75.0 34.593087911605835
76.0 34.60981059074402
77.0 34.62015128135681
78.0 34.60230588912964
79.0 34.6388373374939
80.0 34.63674187660217
81.0 34.65102553367615
82.0 34.64707112312317
83.0 34.67390489578247
84.0 34.66302251815796
85.0 34.650333642959595
86.0 34.63992738723755
87.0 34.642786502838135
88.0 34.68128204345703
89.0 34.697129011154175
90.0 34.683438539505005
91.0 34.73471736907959
92.0 34.800089597702026
93.0 34.822412967681885
94.0 34.86344861984253
95.0 34.81881260871887
96.0 34.79909014701843
97.0 34.79526209831238
98.0 34.8883593082428
99.0 34.940706968307495
100.0 34.96002388000488
101.0 34.96563124656677
102.0 34.959508657455444
103.0 34.96372389793396
104.0 34.95224452018738
105.0 34.992934226989746
106.0 34.97069025039673
107.0 34.93682527542114
108.0 34.88524127006531
109.0 34.8091504573822
110.0 34.76239991188049
111.0 34.82939291000366
112.0 34.84050703048706
113.0 34.828097343444824
114.0 34.87332487106323
115.0 34.90537118911743
116.0 34.96946573257446
117.0 34.996190786361694
118.0 34.98910307884216
119.0 35.03463888168335
120.0 35.04297399520874
121.0 35.03675889968872
122.0 34.98763060569763
123.0 34.9919011592865
124.0 35.00206160545349
125.0 34.97627091407776
126.0 34.9064998626709
127.0 34.90642976760864
128.0 34.92752552032471
129.0 34.885146617889404
130.0 34.842785120010376
131.0 34.83039093017578
132.0 34.9336416721344
133.0 34.90429091453552
134.0 34.90550398826599
135.0 34.95155572891235
136.0 35.02147674560547
137.0 34.9720823764801
138.0 34.898643255233765
139.0 34.911776065826416
140.0 35.08265471458435
141.0 35.10256791114807
142.0 35.08453130722046
143.0 35.113651514053345
144.0 35.232478618621826
145.0 35.27701735496521
146.0 35.2867910861969
147.0 35.32711434364319
148.0 35.48994421958923
149.0 35.58065414428711
150.0 35.65772867202759
151.0 35.64313745498657
152.0 35.73095202445984
153.0 35.76574206352234
154.0 35.80192995071411
155.0 35.812662839889526
156.0 35.9322943687439
157.0 36.005831480026245
158.0 35.99032211303711
159.0 35.980692625045776
160.0 36.07060742378235
161.0 36.12031841278076
162.0 35.96395492553711
163.0 35.9376380443573
164.0 36.138487815856934
165.0 36.28109812736511
166.0 36.24105381965637
167.0 36.2043182849884
168.0 36.26536774635315
169.0 36.42000865936279
170.0 36.46098828315735
171.0 36.49603486061096
172.0 36.58928060531616
173.0 36.68478775024414
174.0 36.75043034553528
175.0 36.86490797996521
176.0 36.95165038108826
177.0 37.0801043510437
178.0 37.118921518325806
179.0 37.11728882789612
180.0 37.223920583724976
181.0 37.31752347946167
182.0 37.32521104812622
183.0 37.28558850288391
184.0 37.33092641830444
185.0 37.45509934425354
186.0 37.4875431060791
187.0 37.51245832443237
188.0 37.621910095214844
189.0 37.841758251190186
190.0 37.9116325378418
191.0 38.01412558555603
192.0 38.183006286621094
193.0 38.454813718795776
194.0 38.63935613632202
195.0 38.99036240577698
196.0 39.167314529418945
197.0 39.452675104141235
198.0 39.56503915786743
199.0 39.65409970283508
200.0 39.78219795227051
201.0 40.02904987335205
202.0 40.21971368789673
203.0 40.298604011535645
204.0 40.42575240135193
205.0 40.81418180465698
206.0 41.2109797000885
207.0 41.40937423706055
208.0 41.5884735584259
209.0 41.82097601890564
210.0 42.22505211830139
211.0 42.437827348709106
212.0 42.51915645599365
213.0 42.676573753356934
214.0 42.838371992111206
215.0 42.86311936378479
216.0 42.87789177894592
217.0 42.99257230758667
218.0 43.26529145240784
219.0 43.4130539894104
220.0 43.62265372276306
221.0 43.95765495300293
222.0 44.59508180618286
223.0 45.205337047576904
224.0 46.05999970436096
225.0 47.50137162208557
226.0 49.8233208656311
227.0 51.688371419906616
228.0 53.94418025016785
229.0 56.24786877632141
230.0 58.451634645462036
231.0 60.61956167221069
232.0 62.70824432373047
233.0 64.68694114685059
234.0 66.60696911811829
235.0 68.19794631004333
236.0 69.34197545051575
237.0 70.19090175628662
238.0 70.85284686088562
239.0 71.48219394683838
240.0 71.92733240127563
241.0 72.54845428466797
242.0 71.91574716567993
243.0 71.31856489181519
244.0 70.631760597229
245.0 69.49455404281616
246.0 68.11845779418945
247.0 67.19936227798462
248.0 66.5419807434082
249.0 65.88024258613586
250.0 64.94733929634094
251.0 65.23073601722717
252.0 66.12236428260803
253.0 64.75759887695312
254.0 61.7549033164978
255.0 60.236706018447876
256.0 59.55141091346741
257.0 58.66226530075073
258.0 57.74677395820618
259.0 56.89781427383423
260.0 55.71467185020447
261.0 53.97964692115784
262.0 51.92037296295166
263.0 50.257741928100586
264.0 48.916250467300415
265.0 47.727368116378784
266.0 46.640167236328125
267.0 46.104875326156616
268.0 45.79001045227051
269.0 45.35840368270874
270.0 44.42917251586914
271.0 43.95388746261597
272.0 43.43361973762512
273.0 42.9432909488678
274.0 42.38856768608093
275.0 42.18546223640442
276.0 42.448511838912964
277.0 42.326637983322144
278.0 41.534576177597046
279.0 40.886019229888916
280.0 40.662168979644775
281.0 40.427257776260376
282.0 40.151368856430054
283.0 40.04868721961975
284.0 39.83527636528015
285.0 39.972545862197876
286.0 40.57196760177612
287.0 40.33429169654846
288.0 39.24270701408386
289.0 38.68114376068115
290.0 38.636146545410156
291.0 38.266987562179565
292.0 38.70572328567505
293.0 40.039161920547485
294.0 40.153236627578735
295.0 38.55409598350525
296.0 37.6402952671051
297.0 37.50476098060608
298.0 37.16520619392395
299.0 36.742300510406494
300.0 36.717369079589844
301.0 36.68803906440735
302.0 36.61527419090271
303.0 36.26939797401428
304.0 36.1318302154541
305.0 36.1362681388855
306.0 36.20288634300232
307.0 36.001235485076904
308.0 35.9591543674469
309.0 36.05738973617554
310.0 36.22191119194031
311.0 36.04739809036255
312.0 35.96181344985962
313.0 35.95822024345398
314.0 35.9644980430603
315.0 35.727694272994995
316.0 35.52947473526001
317.0 35.47476410865784
318.0 35.46033191680908
319.0 35.318623542785645
320.0 35.174819469451904
321.0 35.13957762718201
322.0 35.14853572845459
323.0 35.0574996471405
324.0 34.87152600288391
325.0 34.918740034103394
326.0 34.965080976486206
327.0 34.89042901992798
328.0 34.653040647506714
329.0 34.62370038032532
330.0 34.6685266494751
331.0 34.607927322387695
332.0 34.364455461502075
333.0 34.39676260948181
334.0 34.41637969017029
335.0 34.46896147727966
336.0 34.218207597732544
337.0 34.242624282836914
338.0 34.33009934425354
339.0 34.33739900588989
340.0 34.10107159614563
341.0 34.12498450279236
342.0 34.16898846626282
343.0 34.222079038619995
344.0 34.019158124923706
345.0 33.97852396965027
346.0 34.050235748291016
347.0 34.06097960472107
348.0 33.937631607055664
349.0 33.906930923461914
350.0 33.9674026966095
351.0 34.00491786003113
352.0 33.89122939109802
353.0 33.77564334869385
354.0 33.83126163482666
355.0 33.895936012268066
356.0 33.774075508117676
357.0 33.62157487869263
358.0 33.657400369644165
359.0 33.7628812789917
360.0 33.76102662086487
361.0 33.60308361053467
362.0 33.67575120925903
363.0 33.7468786239624
364.0 33.73884081840515
365.0 33.49816036224365
366.0 33.57507801055908
367.0 33.652838706970215
368.0 33.58777737617493
369.0 33.42130470275879
370.0 33.280012369155884
371.0 33.1901593208313
372.0 33.209003925323486
373.0 33.24007725715637
374.0 33.17860460281372
375.0 33.14975929260254
376.0 33.167155265808105
377.0 33.15235495567322
378.0 33.12914323806763
379.0 33.09556603431702
380.0 33.102917432785034
381.0 33.1155207157135
382.0 33.07484149932861
383.0 33.01635241508484
384.0 33.091251611709595
385.0 33.1154248714447
386.0 33.1371808052063
387.0 33.13523602485657
388.0 33.11410188674927
389.0 33.09378671646118
390.0 33.139652252197266
391.0 33.103739500045776
392.0 33.13307785987854
393.0 33.14118242263794
394.0 33.18470740318298
395.0 33.20125389099121
396.0 33.20505928993225
397.0 33.263315200805664
398.0 33.29597234725952
399.0 33.292532205581665
400.0 33.25282621383667
401.0 33.308517932891846
402.0 33.382365703582764
403.0 33.38293647766113
404.0 33.28285574913025
405.0 33.27117967605591
406.0 33.39561367034912
407.0 33.40092968940735
408.0 33.366835832595825
409.0 33.34852743148804
410.0 33.252230405807495
411.0 33.18938446044922
412.0 33.31271457672119
413.0 33.434584617614746
414.0 33.52109146118164
415.0 33.509575843811035
416.0 33.533854484558105
417.0 33.660120248794556
418.0 33.79793691635132
419.0 34.09004211425781
420.0 34.67889070510864
421.0 35.41899037361145
422.0 37.012309312820435
423.0 37.20428419113159
424.0 36.88775324821472
425.0 36.76227402687073
426.0 36.67362928390503
427.0 36.29899978637695
428.0 35.60969591140747
429.0 34.778892993927
430.0 34.33225107192993
431.0 34.06437110900879
432.0 33.66298723220825
433.0 33.418715953826904
434.0 33.38044571876526
435.0 33.43984794616699
436.0 33.550522804260254
437.0 33.575618505477905
438.0 33.65451216697693
439.0 33.869083881378174
440.0 33.86649560928345
441.0 33.78154754638672
442.0 33.698102712631226
443.0 33.55173969268799
444.0 33.40971565246582
445.0 33.37905144691467
446.0 33.352001428604126
447.0 33.31129837036133
448.0 33.227171182632446
449.0 33.162909507751465
450.0 33.05459976196289
451.0 33.018234968185425
452.0 32.93252897262573
453.0 32.82955813407898
454.0 32.748305320739746
455.0 32.70819687843323
456.0 32.6604266166687
457.0 32.5326132774353
458.0 32.48619031906128
459.0 32.478625774383545
460.0 32.36875939369202
461.0 32.2797532081604
462.0 32.222609519958496
463.0 32.2553346157074
464.0 32.176186084747314
465.0 32.11364781856537
466.0 32.08479022979736
467.0 32.091962814331055
468.0 32.08933353424072
469.0 32.053566575050354
470.0 32.00739645957947
471.0 32.0272673368454
472.0 32.02320408821106
473.0 31.96309244632721
474.0 31.985538721084595
475.0 32.01720476150513
476.0 32.05210530757904
477.0 32.10612225532532
478.0 32.038955092430115
479.0 31.961867570877075
480.0 31.87354826927185
481.0 31.898675322532654
482.0 31.853971362113953
483.0 31.799031257629395
484.0 31.83086323738098
485.0 31.827319622039795
486.0 31.81252670288086
487.0 31.821403861045837
488.0 31.870024800300598
489.0 31.84380865097046
490.0 31.794920921325684
491.0 31.810264468193054
492.0 31.84057915210724
493.0 31.85012447834015
494.0 31.834593653678894
495.0 31.86020851135254
496.0 31.881471276283264
497.0 31.87241768836975
498.0 31.820122957229614
499.0 31.790346384048462
500.0 31.791740894317627
501.0 31.827648043632507
502.0 31.806583166122437
503.0 31.76621162891388
504.0 31.741230607032776
505.0 31.755258679389954
506.0 31.74163067340851
507.0 31.786553025245667
508.0 31.80626678466797
509.0 31.819570183753967
510.0 31.85886538028717
511.0 31.840964555740356
512.0 31.820812463760376
513.0 31.827909469604492
514.0 31.81803071498871
515.0 31.825717091560364
516.0 31.837698459625244
517.0 31.816128373146057
518.0 31.812882661819458
519.0 31.801090598106384
520.0 31.77762806415558
521.0 31.778391003608704
522.0 31.801660299301147
523.0 31.789149522781372
524.0 31.76221776008606
525.0 31.724976897239685
526.0 31.721818685531616
527.0 31.773903012275696
528.0 31.741026759147644
529.0 31.7485511302948
530.0 31.777032256126404
531.0 31.79849374294281
532.0 31.75578534603119
533.0 31.718494057655334
534.0 31.74354839324951
535.0 31.765941739082336
536.0 31.76465368270874
537.0 31.728733897209167
538.0 31.702380418777466
539.0 31.73446774482727
540.0 31.748037815093994
541.0 31.743078351020813
542.0 31.76248574256897
543.0 31.798561453819275
544.0 31.75394034385681
545.0 31.722095251083374
546.0 31.73461949825287
547.0 31.710970640182495
548.0 31.705140233039856
549.0 31.697951674461365
550.0 31.70638608932495
551.0 31.726967573165894
552.0 31.755971431732178
553.0 31.73886740207672
554.0 31.723878145217896
555.0 31.71545720100403
556.0 31.717430233955383
557.0 31.744152426719666
558.0 31.739708423614502
559.0 31.73802614212036
560.0 31.747636675834656
561.0 31.749268412590027
562.0 31.727781891822815
563.0 31.68044650554657
564.0 31.661954045295715
565.0 31.632070422172546
566.0 31.610588550567627
567.0 31.5923433303833
568.0 31.600698947906494
569.0 31.574826955795288
570.0 31.595699429512024
571.0 31.61310088634491
572.0 31.628666877746582
573.0 31.633267164230347
574.0 31.660880088806152
575.0 31.65353000164032
576.0 31.67016887664795
577.0 31.652055263519287
578.0 31.651238918304443
579.0 31.654998302459717
