1.0 0.0
2.0 0.0
3.0 0.0
4.0 0.0
5.0 0.0
6.0 0.0
7.0 0.0
8.0 0.0
9.0 0.0
10.0 0.0
11.0 0.0
12.0 0.0
13.0 7338.666666666667
14.0 7512.3
15.0 7642.266666666666
16.0 7704.066666666667
17.0 7788.8
18.0 7841.733333333334
19.0 7917.166666666667
20.0 7961.9
21.0 7972.366666666667
22.0 8021.066666666667
23.0 8043.133333333333
24.0 8058.666666666667
25.0 8041.433333333333
26.0 8060.366666666667
27.0 8059.066666666667
28.0 8033.7
29.0 8046.666666666667
30.0 8046.833333333333
31.0 8059.966666666666
32.0 8056.433333333333
33.0 8060.066666666667
34.0 8045.0
35.0 8050.333333333333
36.0 8067.766666666666
37.0 8044.4
38.0 8038.166666666667
39.0 8052.3
40.0 8055.7
41.0 8082.866666666667
42.0 8109.533333333334
43.0 8078.333333333333
44.0 8136.2
45.0 8104.0
46.0 8116.433333333333
47.0 8120.5
48.0 8109.9
49.0 8141.533333333334
50.0 8137.7
51.0 8131.366666666667
52.0 8150.666666666667
53.0 8167.2
54.0 8275.566666666668
55.0 8967.4
56.0 9129.2
57.0 8303.133333333333
58.0 8151.933333333333
59.0 8207.8
60.0 8218.866666666667
61.0 8122.866666666667
62.0 8111.9
63.0 8116.8
64.0 8104.666666666667
65.0 8112.966666666666
66.0 8109.733333333334
67.0 8139.7
68.0 8166.533333333334
69.0 8195.333333333334
70.0 8338.633333333333
71.0 9197.733333333334
72.0 17195.133333333335
73.0 38206.46666666667
74.0 15167.966666666667
75.0 8954.766666666666
76.0 8358.733333333334
77.0 8203.4
78.0 8088.966666666666
79.0 8082.066666666667
80.0 8042.9
81.0 8044.466666666666
82.0 8037.266666666666
83.0 8040.133333333333
84.0 8021.533333333334
85.0 8004.666666666667
86.0 8002.9
87.0 7970.366666666667
88.0 8013.333333333333
89.0 8000.3
90.0 8011.666666666667
91.0 7996.566666666667
92.0 7991.633333333333
93.0 7983.733333333334
94.0 7996.033333333334
95.0 8004.966666666666
96.0 8022.066666666667
97.0 8013.966666666666
98.0 8019.333333333333
99.0 7996.533333333334
100.0 8029.666666666667
101.0 8046.133333333333
102.0 8047.133333333333
103.0 8028.466666666666
104.0 7996.6
105.0 8025.666666666667
106.0 8034.4
107.0 8011.0
108.0 8015.8
109.0 8043.333333333333
110.0 8060.933333333333
111.0 8032.1
112.0 8031.9
113.0 8013.733333333334
114.0 7987.166666666667
115.0 7985.866666666667
116.0 7984.8
117.0 8002.533333333334
118.0 7987.9
119.0 7949.833333333333
120.0 8016.366666666667
121.0 8115.166666666667
122.0 8300.233333333334
123.0 8052.6
124.0 8010.166666666667
125.0 8048.033333333334
126.0 8024.233333333334
127.0 8023.633333333333
128.0 8019.7
129.0 8051.0
130.0 8026.1
131.0 8047.733333333334
132.0 8152.9
133.0 9022.766666666666
134.0 8652.566666666668
135.0 8077.6
136.0 8022.6
137.0 8034.633333333333
138.0 8030.033333333334
139.0 8072.166666666667
140.0 8072.3
141.0 7994.233333333334
142.0 7981.8
143.0 7968.8
144.0 7973.166666666667
145.0 7968.133333333333
146.0 7945.3
147.0 7976.9
148.0 7984.766666666666
149.0 7969.766666666666
150.0 7939.1
151.0 7953.4
152.0 7964.766666666666
153.0 7958.666666666667
154.0 7972.066666666667
155.0 7972.233333333334
156.0 7941.766666666666
157.0 7959.866666666667
158.0 7995.233333333334
159.0 8051.1
160.0 7984.333333333333
161.0 7989.666666666667
162.0 7957.166666666667
163.0 7960.466666666666
164.0 7953.466666666666
165.0 7964.133333333333
166.0 7962.066666666667
167.0 7967.966666666666
168.0 7953.6
169.0 7972.933333333333
170.0 8068.366666666667
171.0 7978.933333333333
172.0 7963.6
173.0 7985.533333333334
174.0 7978.6
175.0 8018.166666666667
176.0 7947.766666666666
177.0 7969.533333333334
178.0 8022.466666666666
179.0 8042.1
180.0 8024.133333333333
181.0 7988.8
182.0 8010.166666666667
183.0 8004.9
184.0 7978.3
185.0 7996.666666666667
186.0 8028.166666666667
187.0 8008.033333333334
188.0 8011.966666666666
189.0 8037.2
190.0 8049.8
191.0 8046.8
192.0 8054.866666666667
193.0 8044.633333333333
194.0 8055.566666666667
195.0 8059.466666666666
196.0 8074.766666666666
197.0 8064.033333333334
198.0 8059.133333333333
199.0 8074.533333333334
200.0 8084.166666666667
201.0 8090.466666666666
202.0 8104.466666666666
203.0 8086.933333333333
204.0 8095.433333333333
205.0 8122.133333333333
206.0 8159.2
207.0 8155.6
208.0 8165.033333333334
209.0 8195.6
210.0 8246.366666666667
211.0 8277.3
212.0 8329.333333333334
213.0 8876.433333333332
214.0 8954.9
215.0 8349.633333333333
216.0 8630.766666666666
217.0 8878.433333333332
218.0 8310.933333333332
219.0 8204.833333333334
220.0 8246.266666666666
221.0 8479.433333333332
222.0 8362.333333333334
223.0 8262.766666666666
224.0 8350.333333333334
225.0 8287.0
226.0 8261.6
227.0 8275.1
228.0 8263.633333333333
229.0 8259.766666666666
230.0 8265.933333333332
231.0 8267.333333333334
232.0 8310.666666666666
233.0 8351.933333333332
234.0 8299.4
235.0 8288.433333333332
236.0 8300.833333333334
237.0 8295.433333333332
238.0 8318.1
239.0 8390.7
240.0 8323.066666666668
241.0 8321.833333333334
242.0 8448.1
243.0 8642.266666666666
244.0 8387.0
245.0 8344.133333333333
246.0 8438.4
247.0 8824.433333333332
248.0 8556.466666666667
249.0 8350.066666666668
250.0 8340.7
251.0 8335.866666666667
252.0 8340.666666666666
253.0 8359.5
254.0 8312.866666666667
255.0 8313.266666666666
256.0 8316.2
257.0 8337.133333333333
258.0 8320.866666666667
259.0 8319.2
260.0 8384.266666666666
261.0 8366.033333333333
262.0 8366.966666666667
263.0 8330.466666666667
264.0 8325.1
265.0 8346.133333333333
266.0 8369.433333333332
267.0 8363.866666666667
268.0 8351.066666666668
269.0 8357.3
270.0 8384.066666666668
271.0 8361.333333333334
272.0 8384.833333333334
273.0 8360.1
274.0 8371.533333333333
275.0 8373.533333333333
276.0 8383.4
277.0 8377.466666666667
278.0 8407.266666666666
279.0 8395.533333333333
280.0 8387.666666666666
281.0 8423.066666666668
282.0 8509.866666666667
283.0 9417.733333333334
284.0 11557.133333333333
285.0 9044.0
286.0 8480.266666666666
287.0 8438.333333333334
288.0 8433.966666666667
289.0 8451.666666666666
290.0 8410.8
291.0 8454.366666666667
292.0 8420.533333333333
293.0 8444.766666666666
294.0 8475.933333333332
295.0 8463.266666666666
296.0 8467.666666666666
297.0 8431.933333333332
298.0 8440.6
299.0 8493.266666666666
300.0 8491.033333333333
301.0 8481.566666666668
302.0 8475.133333333333
303.0 8505.133333333333
304.0 8595.3
305.0 8921.633333333333
306.0 8619.266666666666
307.0 8532.1
308.0 8532.2
309.0 8541.933333333332
310.0 8565.233333333334
311.0 8587.233333333334
312.0 8577.4
313.0 8583.266666666666
314.0 8578.033333333333
315.0 8587.366666666667
316.0 8625.666666666666
317.0 8621.0
318.0 8652.966666666667
319.0 8697.333333333334
320.0 8733.9
321.0 8807.566666666668
322.0 8807.933333333332
323.0 8817.9
324.0 8832.966666666667
325.0 8833.233333333334
326.0 8868.466666666667
327.0 8899.633333333333
328.0 8916.5
329.0 8952.466666666667
330.0 8945.133333333333
331.0 8952.466666666667
332.0 8970.566666666668
333.0 8912.066666666668
334.0 8950.266666666666
335.0 8948.4
336.0 8962.966666666667
337.0 8971.5
338.0 8985.4
339.0 8985.033333333333
340.0 8994.1
341.0 9028.5
342.0 9077.966666666667
343.0 9106.066666666668
344.0 9038.166666666666
345.0 9037.233333333334
346.0 9017.4
347.0 9021.233333333334
348.0 9070.2
349.0 9056.066666666668
350.0 9049.433333333332
351.0 9097.766666666666
352.0 9086.0
353.0 9074.2
354.0 9063.166666666666
355.0 9082.633333333333
356.0 9078.233333333334
357.0 9110.433333333332
358.0 9091.7
359.0 9118.433333333332
360.0 9122.833333333334
361.0 9287.033333333333
362.0 10547.066666666668
363.0 14185.233333333334
364.0 10360.533333333333
365.0 9298.333333333334
366.0 9135.566666666668
367.0 9063.266666666666
368.0 9084.066666666668
369.0 9086.266666666666
370.0 9072.533333333333
371.0 9046.666666666666
372.0 9077.933333333332
373.0 9094.733333333334
374.0 9112.266666666666
375.0 9140.233333333334
376.0 9121.266666666666
377.0 9146.233333333334
378.0 9176.733333333334
379.0 9146.966666666667
380.0 9186.566666666668
381.0 9178.433333333332
382.0 9209.5
383.0 9200.9
384.0 9206.033333333333
385.0 9209.0
386.0 9263.833333333334
387.0 9247.433333333332
388.0 9261.666666666666
389.0 9228.533333333333
390.0 9240.0
391.0 9266.1
392.0 9299.7
393.0 9299.233333333334
394.0 9310.033333333333
395.0 9325.1
396.0 9335.133333333333
397.0 9282.466666666667
398.0 9362.766666666666
399.0 9407.5
400.0 9404.9
401.0 9443.433333333332
402.0 9462.833333333334
403.0 9472.766666666666
404.0 9511.433333333332
405.0 9485.6
406.0 9510.033333333333
407.0 9510.1
408.0 9516.333333333334
409.0 9517.233333333334
410.0 9548.333333333334
411.0 9584.933333333332
412.0 9599.033333333333
413.0 9609.6
414.0 9615.666666666666
415.0 9656.5
416.0 9701.4
417.0 9844.1
418.0 9795.133333333333
419.0 9723.7
420.0 9679.2
421.0 9680.0
422.0 9681.3
423.0 9682.6
424.0 9737.033333333333
425.0 9717.733333333334
426.0 9746.366666666667
427.0 9769.166666666666
428.0 9794.266666666666
429.0 9805.633333333333
430.0 9818.066666666668
431.0 9763.866666666667
432.0 9765.433333333332
433.0 9752.7
434.0 9808.966666666667
435.0 9826.133333333333
436.0 9866.933333333332
437.0 9846.033333333333
438.0 9852.366666666667
439.0 9892.766666666666
440.0 9907.0
441.0 9913.1
442.0 9902.8
443.0 9926.1
444.0 9912.566666666668
445.0 9943.8
446.0 9943.266666666666
447.0 9927.866666666667
448.0 10070.033333333333
449.0 10016.166666666666
450.0 10039.4
451.0 10047.133333333333
452.0 10054.966666666667
453.0 10073.1
454.0 10108.166666666666
455.0 10107.2
456.0 10169.333333333334
457.0 10192.7
458.0 10190.0
459.0 10271.5
460.0 10270.366666666667
461.0 10313.933333333332
462.0 10329.5
463.0 10339.0
464.0 10349.066666666668
465.0 10431.866666666667
466.0 10428.3
467.0 10479.566666666668
468.0 10504.033333333333
469.0 10536.266666666666
470.0 10563.033333333333
471.0 10603.633333333333
472.0 10598.366666666667
473.0 10615.033333333333
474.0 10632.333333333334
475.0 10673.466666666667
476.0 10688.7
477.0 10735.9
478.0 10765.7
479.0 10779.266666666666
480.0 10796.633333333333
481.0 10792.1
482.0 10809.1
483.0 10790.766666666666
484.0 10784.733333333334
485.0 10786.366666666667
486.0 10847.366666666667
487.0 10804.066666666668
488.0 10796.2
489.0 10807.3
490.0 10776.733333333334
491.0 10737.066666666668
492.0 10772.8
493.0 10812.4
494.0 10769.766666666666
495.0 10753.766666666666
496.0 10816.566666666668
497.0 10806.6
498.0 10800.633333333333
499.0 10774.5
500.0 10759.733333333334
501.0 10747.633333333333
502.0 10741.3
503.0 10729.166666666666
504.0 10725.6
505.0 10719.166666666666
506.0 10728.566666666668
507.0 10691.566666666668
508.0 10675.733333333334
509.0 10646.4
510.0 10654.766666666666
511.0 10625.4
512.0 10612.333333333334
513.0 10606.633333333333
514.0 10616.3
515.0 10608.233333333334
516.0 10654.8
517.0 10613.2
518.0 10578.566666666668
519.0 10553.333333333334
520.0 10512.033333333333
521.0 10645.9
522.0 10548.766666666666
523.0 10520.8
524.0 10507.666666666666
525.0 10495.933333333332
526.0 10554.233333333334
527.0 10524.566666666668
528.0 10509.433333333332
529.0 10567.2
530.0 10726.7
531.0 11155.0
532.0 11008.3
533.0 10645.7
534.0 10561.3
535.0 10470.633333333333
536.0 10440.4
537.0 10460.6
538.0 10446.733333333334
539.0 10403.566666666668
540.0 10338.7
541.0 10317.533333333333
542.0 10337.066666666668
543.0 10352.833333333334
544.0 10390.033333333333
545.0 10472.533333333333
546.0 10466.366666666667
547.0 10327.033333333333
548.0 10253.9
549.0 10130.566666666668
550.0 10182.1
551.0 10157.233333333334
552.0 10144.233333333334
553.0 10136.833333333334
554.0 10222.933333333332
555.0 10331.633333333333
556.0 10390.266666666666
557.0 10421.4
558.0 10377.166666666666
559.0 10387.2
560.0 10375.666666666666
561.0 10460.166666666666
562.0 10354.366666666667
563.0 10342.633333333333
564.0 10374.033333333333
565.0 10334.733333333334
566.0 10320.233333333334
567.0 10314.4
568.0 10317.3
569.0 10298.933333333332
570.0 10357.0
571.0 10504.166666666666
572.0 10360.433333333332
573.0 10299.733333333334
574.0 10243.9
575.0 10272.633333333333
576.0 10270.166666666666
577.0 10231.333333333334
578.0 10239.066666666668
579.0 10273.9
580.0 10258.133333333333
581.0 10190.7
582.0 10211.4
583.0 10209.5
584.0 10228.666666666666
585.0 10237.866666666667
586.0 10204.133333333333
587.0 10193.6
588.0 10192.9
589.0 10206.433333333332
590.0 10141.566666666668
591.0 10134.566666666668
592.0 10125.566666666668
593.0 10143.733333333334
594.0 10159.466666666667
595.0 10131.133333333333
596.0 10117.266666666666
597.0 10142.433333333332
598.0 10088.266666666666
599.0 10096.633333333333
600.0 10058.9
601.0 10067.866666666667
602.0 10090.333333333334
603.0 10123.133333333333
604.0 10069.433333333332
605.0 10041.833333333334
606.0 10082.366666666667
607.0 10026.033333333333
608.0 9995.2
609.0 9943.766666666666
610.0 9949.5
611.0 9926.233333333334
612.0 9866.6
613.0 9889.333333333334
614.0 9899.933333333332
615.0 9857.033333333333
616.0 9833.433333333332
617.0 9830.666666666666
618.0 9850.833333333334
619.0 9832.533333333333
620.0 9852.233333333334
621.0 9851.3
622.0 9835.366666666667
623.0 9811.3
624.0 9794.033333333333
625.0 9794.566666666668
626.0 9805.233333333334
627.0 9803.5
628.0 9833.933333333332
629.0 9934.833333333334
630.0 9778.233333333334
631.0 9765.533333333333
632.0 9714.1
633.0 9721.233333333334
634.0 9738.433333333332
635.0 9782.966666666667
636.0 9737.3
637.0 9761.7
638.0 9743.933333333332
639.0 9684.5
640.0 9701.666666666666
641.0 9668.666666666666
642.0 9683.5
643.0 9669.566666666668
644.0 9666.733333333334
645.0 9656.7
646.0 9677.2
647.0 9658.566666666668
648.0 9658.2
649.0 9640.933333333332
650.0 9634.1
651.0 9650.966666666667
652.0 9693.566666666668
653.0 9620.9
654.0 9664.8
655.0 9634.3
656.0 9642.933333333332
657.0 9652.7
658.0 9648.3
659.0 9648.266666666666
660.0 9629.333333333334
661.0 9633.833333333334
662.0 9671.9
663.0 9628.6
664.0 9630.6
665.0 9637.366666666667
666.0 9632.633333333333
667.0 9604.1
668.0 9591.166666666666
669.0 9590.3
670.0 9596.333333333334
671.0 9574.766666666666
672.0 9572.7
673.0 9556.666666666666
674.0 9541.066666666668
675.0 9580.066666666668
676.0 9535.666666666666
677.0 9575.833333333334
678.0 9521.766666666666
679.0 9525.066666666668
680.0 9503.466666666667
681.0 9493.633333333333
682.0 9473.9
683.0 9503.133333333333
684.0 9473.833333333334
685.0 9472.633333333333
686.0 9488.633333333333
687.0 9422.333333333334
688.0 9474.2
689.0 9458.833333333334
690.0 9455.3
691.0 9446.933333333332
692.0 9454.333333333334
693.0 9430.066666666668
694.0 9403.333333333334
695.0 9400.733333333334
696.0 9419.566666666668
697.0 9439.1
698.0 9368.533333333333
699.0 9328.9
700.0 9392.833333333334
701.0 9365.866666666667
702.0 9294.466666666667
703.0 9284.333333333334
704.0 9325.1
705.0 9368.366666666667
706.0 9265.6
707.0 9191.766666666666
708.0 9161.7
709.0 9173.066666666668
710.0 9136.566666666668
711.0 9134.266666666666
712.0 9135.266666666666
713.0 9145.433333333332
714.0 9228.733333333334
715.0 9979.966666666667
716.0 10053.633333333333
717.0 9219.8
718.0 9097.233333333334
719.0 9092.6
720.0 9084.833333333334
721.0 9070.4
722.0 9038.533333333333
723.0 9051.366666666667
724.0 9060.5
725.0 9066.266666666666
726.0 9052.466666666667
727.0 9031.133333333333
728.0 9034.266666666666
729.0 9029.5
730.0 8980.0
731.0 8982.9
732.0 8981.466666666667
733.0 8955.266666666666
734.0 8995.866666666667
735.0 8899.833333333334
736.0 8857.233333333334
737.0 8880.833333333334
738.0 8862.766666666666
739.0 8841.4
740.0 8860.266666666666
741.0 8866.166666666666
742.0 8857.966666666667
743.0 8838.866666666667
744.0 8851.866666666667
745.0 8855.233333333334
746.0 8899.6
747.0 8881.766666666666
748.0 8854.866666666667
749.0 8863.366666666667
750.0 8846.566666666668
751.0 8845.066666666668
752.0 8873.6
753.0 8835.233333333334
754.0 8878.133333333333
755.0 8856.166666666666
756.0 8834.533333333333
757.0 8841.7
758.0 8845.5
759.0 8797.166666666666
760.0 8811.633333333333
761.0 8814.666666666666
762.0 8810.333333333334
763.0 8788.133333333333
764.0 8801.666666666666
765.0 8791.333333333334
766.0 8794.2
767.0 8797.833333333334
768.0 8940.233333333334
769.0 9900.8
770.0 9186.1
771.0 8677.933333333332
772.0 8618.766666666666
773.0 8557.766666666666
774.0 8523.633333333333
775.0 8515.9
776.0 8510.9
777.0 8497.466666666667
778.0 8592.333333333334
779.0 8912.3
780.0 8577.5
781.0 8481.033333333333
782.0 8444.366666666667
783.0 8441.333333333334
784.0 8455.6
785.0 8452.833333333334
786.0 8449.766666666666
787.0 8434.2
788.0 8411.6
789.0 8399.8
790.0 8382.533333333333
791.0 8407.166666666666
792.0 8372.133333333333
793.0 8374.766666666666
794.0 8394.6
795.0 8373.1
796.0 8383.533333333333
797.0 8383.966666666667
798.0 8367.9
799.0 8335.766666666666
800.0 8350.7
801.0 8355.533333333333
802.0 8339.0
803.0 8370.366666666667
804.0 8343.866666666667
805.0 8332.7
806.0 8429.433333333332
807.0 9156.566666666668
808.0 10428.233333333334
809.0 8744.566666666668
810.0 8369.333333333334
811.0 8312.8
812.0 8310.733333333334
813.0 8268.366666666667
814.0 8295.066666666668
815.0 8271.933333333332
816.0 8288.666666666666
817.0 8260.066666666668
818.0 8281.833333333334
819.0 8303.6
820.0 8262.1
821.0 8281.266666666666
822.0 8256.733333333334
823.0 8314.2
824.0 8298.033333333333
825.0 8299.666666666666
826.0 8261.166666666666
827.0 8264.166666666666
828.0 8251.466666666667
829.0 8243.966666666667
830.0 8254.5
831.0 8278.0
832.0 8261.833333333334
833.0 8285.766666666666
834.0 8236.433333333332
835.0 8267.933333333332
836.0 8234.5
837.0 8222.2
838.0 8226.533333333333
839.0 8241.833333333334
840.0 8210.033333333333
841.0 8172.966666666666
842.0 8129.1
843.0 8143.733333333334
844.0 8145.133333333333
845.0 8104.633333333333
846.0 8143.033333333334
847.0 8162.7
848.0 8148.533333333334
849.0 8189.133333333333
850.0 8203.766666666666
851.0 8210.033333333333
852.0 8216.533333333333
853.0 8443.4
854.0 9329.7
855.0 8637.6
856.0 8272.066666666668
857.0 8233.9
858.0 8245.866666666667
859.0 8228.2
860.0 8297.933333333332
861.0 8258.533333333333
862.0 8257.1
863.0 8231.866666666667
864.0 8259.266666666666
865.0 8237.666666666666
866.0 8267.133333333333
867.0 8259.666666666666
868.0 8263.9
869.0 8238.933333333332
870.0 8271.2
871.0 8255.166666666666
872.0 8246.766666666666
873.0 8262.333333333334
874.0 8286.433333333332
875.0 8274.933333333332
876.0 8246.733333333334
877.0 8255.166666666666
878.0 8229.6
879.0 8257.933333333332
880.0 8242.566666666668
881.0 8286.066666666668
882.0 8270.2
883.0 8264.3
884.0 8410.8
885.0 8366.4
886.0 8289.066666666668
887.0 8256.3
888.0 8242.4
889.0 8233.0
890.0 8237.2
891.0 8321.966666666667
892.0 8422.1
893.0 8277.766666666666
894.0 8262.9
895.0 8275.766666666666
896.0 8233.533333333333
897.0 8236.8
898.0 8258.366666666667
899.0 8241.933333333332
900.0 8256.866666666667
901.0 8265.2
902.0 8243.2
903.0 8256.266666666666
904.0 8193.7
905.0 8227.4
906.0 8214.333333333334
907.0 8220.033333333333
908.0 8206.266666666666
909.0 8192.433333333332
910.0 8249.0
911.0 8262.066666666668
912.0 8224.233333333334
913.0 8248.4
914.0 8218.766666666666
915.0 8225.6
916.0 8179.7
917.0 8198.066666666668
918.0 8191.633333333333
919.0 8193.4
920.0 8198.566666666668
921.0 8156.2
922.0 8154.166666666667
923.0 8164.966666666666
924.0 8164.966666666666
925.0 8160.533333333334
926.0 8138.7
927.0 8135.9
928.0 8144.466666666666
929.0 8150.866666666667
930.0 8128.566666666667
931.0 8154.266666666666
932.0 8160.766666666666
933.0 8153.7
934.0 8262.966666666667
935.0 8304.4
936.0 8206.6
937.0 8199.966666666667
938.0 8151.333333333333
939.0 8169.733333333334
940.0 8199.366666666667
941.0 8282.933333333332
942.0 8242.266666666666
943.0 8170.2
944.0 8160.966666666666
945.0 8193.566666666668
946.0 8191.4
947.0 8231.5
948.0 8216.1
949.0 8189.0
950.0 8244.166666666666
951.0 8227.5
952.0 8215.333333333334
953.0 8225.666666666666
954.0 8200.5
955.0 8198.966666666667
956.0 8198.9
957.0 8239.333333333334
958.0 8302.666666666666
959.0 8472.666666666666
960.0 10016.233333333334
961.0 18391.466666666667
962.0 13066.433333333332
963.0 8805.533333333333
964.0 8354.7
965.0 8321.266666666666
966.0 8268.366666666667
967.0 8271.966666666667
968.0 8285.4
969.0 8265.9
970.0 8251.5
971.0 8257.966666666667
972.0 8242.833333333334
973.0 8261.433333333332
974.0 8238.866666666667
975.0 8263.766666666666
976.0 8243.966666666667
977.0 8263.833333333334
978.0 8260.266666666666
979.0 8290.3
980.0 8282.133333333333
981.0 8282.233333333334
982.0 8266.866666666667
983.0 8279.1
984.0 8286.6
985.0 8295.5
986.0 8318.9
987.0 8283.7
988.0 8273.833333333334
989.0 8292.433333333332
990.0 8354.633333333333
991.0 8373.133333333333
992.0 8422.533333333333
993.0 9220.833333333334
994.0 9130.0
995.0 8375.8
996.0 8275.5
997.0 8302.166666666666
998.0 8280.8
999.0 8267.4
1000.0 8293.1
1001.0 8265.766666666666
1002.0 8298.666666666666
1003.0 8275.566666666668
1004.0 8294.7
1005.0 8295.066666666668
1006.0 8317.066666666668
1007.0 8296.7
1008.0 8298.5
1009.0 8286.033333333333
1010.0 8296.833333333334
1011.0 8260.766666666666
1012.0 8273.266666666666
1013.0 8250.833333333334
1014.0 8238.1
1015.0 8349.333333333334
1016.0 8234.433333333332
1017.0 8236.933333333332
1018.0 8225.533333333333
1019.0 8236.233333333334
1020.0 8220.266666666666
1021.0 8213.266666666666
1022.0 8219.2
1023.0 8196.133333333333
1024.0 8176.266666666666
1025.0 8195.7
1026.0 8178.233333333334
1027.0 8179.5
1028.0 8219.266666666666
1029.0 8183.866666666667
1030.0 8197.866666666667
1031.0 8203.6
1032.0 8162.966666666666
1033.0 8165.7
1034.0 8147.666666666667
1035.0 8163.033333333334
1036.0 8165.6
1037.0 12826.966666666667
1038.0 63.06666666666667
1039.0 17.9
1040.0 11.9
1041.0 8.6
1042.0 13.266666666666667
1043.0 9.533333333333333
1044.0 7.7
1045.0 5.633333333333334
1046.0 9.0
1047.0 7.466666666666667
1048.0 5.366666666666666
1049.0 8.033333333333333
1050.0 12.866666666666667
1051.0 9.133333333333333
1052.0 6.333333333333333
1053.0 9.466666666666667
1054.0 4.133333333333334
1055.0 9.033333333333333
1056.0 6.633333333333334
1057.0 9.1
1058.0 3.7
1059.0 6.0
1060.0 3.5
1061.0 7.3
1062.0 2.7666666666666666
1063.0 0.0
1064.0 0.0
1065.0 0.0
1066.0 0.0
1067.0 0.0
1068.0 0.0
1069.0 0.0
1070.0 0.0
1071.0 0.0
1072.0 0.0
1073.0 0.0
1074.0 0.0
1075.0 0.0
1076.0 0.0
1077.0 0.0
1078.0 0.0
1079.0 0.0
1080.0 0.0
1081.0 0.0
1082.0 0.0
1083.0 0.0
1084.0 0.0
1085.0 0.0
1086.0 0.0
1087.0 0.0
1088.0 0.0
1089.0 0.0
1090.0 0.0
1091.0 0.0
1092.0 0.0
1093.0 0.0
1094.0 0.0
1095.0 0.0
1096.0 0.0
1097.0 0.0
1098.0 0.0
1099.0 0.0
1100.0 0.0
1101.0 0.0
1102.0 0.0
1103.0 0.0
1104.0 0.0
1105.0 0.0
1106.0 0.0
1107.0 0.0
1108.0 0.0
1109.0 0.0
1110.0 0.0
1111.0 0.0
1112.0 0.0
1113.0 0.0
1114.0 0.0
1115.0 0.0
1116.0 0.0
1117.0 0.0
1118.0 0.0
1119.0 0.0
1120.0 0.0
1121.0 0.0
1122.0 0.0
1123.0 0.0
1124.0 0.0
1125.0 0.0
1126.0 0.0
1127.0 0.0
1128.0 0.0
1129.0 0.0
1130.0 0.0
1131.0 0.0
1132.0 0.0
1133.0 0.0
1134.0 0.0
1135.0 0.0
1136.0 0.0
1137.0 0.0
1138.0 0.0
1139.0 0.0
1140.0 0.0
1141.0 0.0
1142.0 0.0
1143.0 0.0
1144.0 0.0
1145.0 0.0
1146.0 0.0
1147.0 0.0
1148.0 0.0
1149.0 0.0
1150.0 0.0
1151.0 0.0
1152.0 0.0
1153.0 0.0
1154.0 0.0
1155.0 0.0
1156.0 0.0
