1.0 1.240841235433306
2.0 1.239750121320997
3.0 1.2434463926724024
4.0 1.2506410394396101
5.0 1.2435729844229562
6.0 1.2555947814668929
7.0 1.261232418673379
8.0 1.2595082436289107
9.0 1.2711724553789412
10.0 1.2473717842783247
11.0 1.2550741008349828
12.0 1.264608689716884
13.0 1.2293866617338998
14.0 1.2588393773351396
15.0 1.2672739795276098
16.0 1.2613956332206726
17.0 1.256114091191973
18.0 1.2434115665299552
19.0 1.2384632229804993
20.0 1.2728087135723658
21.0 1.3740579571042741
22.0 1.6721364600317818
23.0 1.5437543392181396
24.0 1.2369405031204224
25.0 1.2373213853154863
26.0 1.2508269037519182
27.0 1.237294273717063
28.0 1.2430278658866882
29.0 1.258371012551444
30.0 1.2538127047674996
31.0 1.2531613196645464
32.0 1.2574938450540816
33.0 1.2555935212544032
34.0 1.2656457594462804
35.0 1.2728327683040075
36.0 1.275174387863704
37.0 1.3004210591316223
38.0 1.287844376904624
39.0 1.2711432320731026
40.0 1.2720772113118852
41.0 1.2681823713438851
42.0 1.28371890102114
43.0 1.24351247719356
44.0 1.2628195115498133
45.0 1.242302485874721
46.0 1.2581826618739538
47.0 1.2543618168149675
48.0 1.2438945855413164
49.0 1.258775225707463
50.0 1.2599761486053467
51.0 1.237847822053092
52.0 1.2487452115331377
53.0 1.2586207815579005
54.0 1.2200266548565455
55.0 1.2590024982179915
56.0 1.2593588743891035
57.0 1.267150146620614
58.0 1.2723262906074524
59.0 1.2624792286327906
60.0 1.2463148491723197
61.0 1.252324436392103
62.0 1.3207923514502389
63.0 1.4522133043834142
64.0 1.307402687413352
65.0 1.29239022731781
66.0 1.2942818914140974
67.0 1.3040730612618583
68.0 1.3144530824252538
69.0 1.321067214012146
70.0 1.3382321085248674
71.0 1.330256734575544
72.0 1.323519664151328
73.0 1.320750824042729
74.0 1.33043600831713
75.0 1.3175323435238429
76.0 1.303016517843519
77.0 1.3328405703817094
78.0 1.3426317402294703
79.0 1.312708922794887
80.0 1.2985454286847795
81.0 1.3174703632082259
82.0 1.3319828936031886
83.0 1.321996033191681
84.0 1.3198117784091405
85.0 1.3349018096923828
86.0 1.327231330530984
87.0 1.3268725531441825
88.0 1.3104490041732788
89.0 1.323464504310063
90.0 1.349822725568499
91.0 1.3118321810449873
92.0 1.2998702440943037
93.0 1.3249399151120866
94.0 1.3252891216959273
95.0 1.3126026477132524
96.0 1.2962471161569868
97.0 1.299047248704093
98.0 1.2989412205559867
99.0 1.3092052936553955
100.0 1.3239641189575195
101.0 1.3365173254694258
102.0 1.3368342859404427
103.0 1.3370281117303031
104.0 1.3146497522081648
105.0 1.3294366598129272
106.0 1.341846023287092
107.0 1.3158445017678397
108.0 1.311933696269989
109.0 1.3195887548582894
110.0 1.316624471119472
111.0 1.3299071533339364
112.0 1.333052328654698
113.0 1.3377627219472612
114.0 1.354184559413365
115.0 1.339305545602526
116.0 1.3149146352495467
117.0 1.3150469149862016
118.0 1.330896598952157
119.0 1.326453447341919
120.0 1.3157429013933455
121.0 1.3485304032053267
122.0 1.3344863142286028
123.0 1.33941536290305
124.0 1.3338582175118583
125.0 1.3412498831748962
126.0 1.321354831968035
127.0 1.3244636143956865
128.0 1.3407094308308192
129.0 1.3600508230073112
130.0 1.3779274565832955
131.0 1.3688132166862488
132.0 1.357352341924395
133.0 1.3654193026678902
134.0 1.3695439951760429
135.0 1.3809924125671387
136.0 1.398647393499102
137.0 1.3899752412523543
138.0 1.396729247910636
139.0 1.4039537225450789
140.0 1.4102787460599626
141.0 1.4069127355303084
142.0 1.4174515519823347
143.0 1.438194215297699
144.0 1.4128239750862122
145.0 1.4294287392071314
146.0 1.4290841221809387
147.0 1.4222631709916251
148.0 1.4361982004983085
149.0 1.4361313326018197
150.0 1.4427564144134521
151.0 1.432003813130515
152.0 1.449548329625811
153.0 1.4581614136695862
154.0 1.4422182100159782
155.0 1.447568186691829
156.0 1.451509748186384
157.0 1.455296346119472
158.0 1.4775732840810503
159.0 1.4635020324162074
160.0 1.4582101106643677
161.0 1.471200406551361
162.0 1.4757346596036638
163.0 1.4558246731758118
164.0 1.4379155380385262
165.0 1.4879800166402544
166.0 1.4853972792625427
167.0 1.4689059257507324
168.0 1.4754625814301627
169.0 1.4525467157363892
170.0 1.468019732407161
171.0 1.471673914364406
172.0 1.4960594943591528
173.0 1.5023370725767953
174.0 1.4913589188030787
175.0 1.495360587324415
176.0 1.5074323926653181
177.0 1.5321312546730042
178.0 1.529896114553724
179.0 1.5154131054878235
180.0 1.5153370925358363
181.0 1.5085014700889587
182.0 1.5144738895552499
183.0 1.5179165346281869
184.0 1.5079974106379919
185.0 1.4882515328271049
186.0 1.5010120017187936
187.0 1.5045690536499023
188.0 1.5054850748607091
189.0 1.5159564699445451
190.0 1.5141436457633972
191.0 1.5098458443369185
192.0 1.504614429814475
193.0 1.50348128591265
194.0 1.5025207230022974
195.0 1.4807061978748866
196.0 1.4793178268841334
197.0 1.486338930470603
198.0 1.4786585313933236
199.0 1.4879504697663444
200.0 1.481926475252424
201.0 1.4864803552627563
202.0 1.4954438975879125
203.0 1.472449847630092
204.0 1.4802920477730888
205.0 1.4702839510781425
206.0 1.48614478962762
207.0 1.4581629633903503
208.0 1.4460484044892448
209.0 1.4554861783981323
210.0 1.4692503639629908
211.0 1.462860916342054
212.0 1.4622548052242823
213.0 1.4668141177722387
214.0 1.4649108478001185
215.0 1.4928898811340332
216.0 1.4735251239367895
217.0 1.4801930700029646
218.0 1.519137101513999
219.0 1.489199800150735
220.0 1.4945391586848669
221.0 1.5034658568246024
222.0 1.5192397407123022
223.0 1.5095693724496024
224.0 1.5269618885857719
225.0 1.5169734018189567
226.0 1.524514479296548
227.0 1.52778845173972
228.0 1.5314323135784693
229.0 1.5267892394747054
230.0 1.527741517339434
231.0 1.5259046980312891
232.0 1.5210030674934387
233.0 1.5212317960602897
234.0 1.5341207214764185
235.0 1.521696320601872
236.0 1.5239709189959936
237.0 1.5267500196184431
238.0 1.5195857286453247
239.0 1.5370123897280012
240.0 1.535233199596405
241.0 1.5312373978751046
242.0 1.5346811839512415
243.0 1.5314622351101466
244.0 1.5253065994807653
245.0 1.536436310836247
246.0 1.5731003199304854
247.0 1.5596957291875566
248.0 1.5421373844146729
249.0 1.5309472935540336
250.0 1.529151805809566
251.0 1.5336524929319109
252.0 1.5488817947251456
253.0 1.5397989068712508
254.0 1.5272979651178633
255.0 1.5543423891067505
256.0 1.54050190108163
257.0 1.5358813575335912
258.0 1.5627811721393041
259.0 1.5596938388688224
260.0 1.5587552615574427
261.0 1.572048110621316
262.0 1.5704998544284277
263.0 1.5797309620039803
264.0 1.587997487613133
265.0 1.5905901534216744
266.0 1.59609511920384
267.0 1.5982378465788705
268.0 1.616769254207611
269.0 1.6282337137631007
270.0 1.6444339326449804
271.0 1.625400117465428
272.0 1.6433001501219613
273.0 1.6620763625417436
274.0 1.6952183502061027
275.0 1.6949634381702967
276.0 1.6864164812224252
277.0 1.6912489022527422
278.0 1.7080279758998327
279.0 1.7278033920696803
280.0 1.740266936165946
281.0 1.748744887965066
282.0 1.7634414434432983
283.0 1.7728745000702995
284.0 1.777096884591239
285.0 1.797314967427935
286.0 1.8025713392666407
287.0 1.781876904623849
288.0 1.7901308962277003
289.0 1.7925007598740714
290.0 1.7860159533364433
291.0 1.791468049798693
292.0 1.7939859628677368
293.0 1.8111627016748701
294.0 1.7888285262244088
295.0 1.7873198986053467
296.0 1.8029970611844743
297.0 1.825301672731127
298.0 1.8210361089025224
299.0 1.8295220732688904
300.0 1.8653844084058488
301.0 1.872777717454093
302.0 1.8718231916427612
303.0 1.8774132302829198
304.0 1.8939507859093803
305.0 1.9212602632386344
306.0 1.9125726904187883
307.0 1.9503355877740043
308.0 1.9593414153371538
309.0 1.9686744553702218
310.0 1.9509903362819128
311.0 1.945545153958457
312.0 1.9669496331896101
313.0 1.9732932107789176
314.0 1.9521215302603585
315.0 1.9746986797877721
316.0 1.96829788173948
317.0 1.99637542452131
318.0 1.9993080752236503
319.0 2.0296548775264194
320.0 2.067455070359366
321.0 2.0665122185434615
322.0 2.0775853225163052
323.0 2.091093897819519
324.0 2.0858661276953563
325.0 2.06163603918893
326.0 2.0582148943628584
327.0 2.027363266263689
328.0 2.0346159679549083
329.0 2.049928937639509
330.0 2.0427829367773875
331.0 2.055052867957524
332.0 2.1150980251176015
333.0 2.10812486069543
334.0 2.1284863437925066
335.0 2.1182765534945895
336.0 2.149650650365012
337.0 2.1893722670418874
338.0 2.1901515551975796
339.0 2.203759585108076
340.0 2.2061330250331332
341.0 2.214778116771153
342.0 2.236481325966971
343.0 2.227354424340384
344.0 2.21256913457598
345.0 2.218770282609122
346.0 2.2499931710106984
347.0 2.2524770327976773
348.0 2.2608387981142317
349.0 2.2681008066449846
350.0 2.2470076084136963
351.0 2.2584023645945956
352.0 2.2756064789635793
353.0 2.302201271057129
354.0 2.325392246246338
355.0 2.353458251271929
356.0 2.3922673804419383
357.0 2.368532521384103
358.0 2.3886054243360246
359.0 2.426951663834708
360.0 2.4277901649475098
361.0 2.4418457065309798
362.0 2.452710952077593
363.0 2.5006089210510254
364.0 2.50870612689427
365.0 2.513975977897644
366.0 2.502259169306074
367.0 2.5278249297823225
368.0 2.50747811794281
369.0 2.547696130616324
370.0 2.543603471347264
371.0 2.599301440375192
372.0 2.6010139839989797
373.0 2.644699845995222
374.0 2.6659503153392246
375.0 2.667203869138445
376.0 2.6775160006114413
377.0 2.6994383675711497
378.0 2.7328273228236606
379.0 2.747122151511056
380.0 2.7597333022526334
381.0 2.7538515669958934
382.0 2.7588228157588413
383.0 2.7790527854646956
384.0 2.84003632409232
385.0 2.879087976046971
386.0 2.92631653376988
387.0 2.9545724391937256
388.0 2.962525316647121
389.0 2.9916419642312184
390.0 3.0386533737182617
391.0 3.1087567125047957
392.0 3.168420280729021
393.0 3.210916587284633
394.0 3.2550949369158064
395.0 3.263854009764535
396.0 3.3534824677876065
397.0 3.4087919337408885
398.0 3.4476375579833984
399.0 3.473840526172093
400.0 3.555069157055446
401.0 3.6429024594170705
402.0 3.5985467604228427
403.0 3.614088092531477
404.0 3.6885817561830794
405.0 3.754679730960301
406.0 3.872777359826224
407.0 4.018167785235813
408.0 4.198190127100263
409.0 4.366649389266968
410.0 4.534844534737723
411.0 4.623191663197109
412.0 4.812648602894375
413.0 4.940763132912772
414.0 5.066125699451992
415.0 5.2461327484675815
416.0 5.39348874773298
417.0 5.709738288606916
418.0 5.920693942478725
419.0 6.223520755767822
420.0 6.553196941103254
421.0 6.909133298056466
422.0 7.176121132714408
423.0 7.475380829402378
424.0 7.916560002735683
425.0 8.179425648280553
426.0 8.551140717097692
427.0 8.918089389801025
428.0 9.260330506733485
429.0 9.5008031640734
430.0 9.746549606323242
431.0 10.187833649771553
432.0 10.543884686061315
433.0 10.657122339521136
434.0 11.43812084197998
435.0 12.241436958312988
436.0 13.225827421460833
437.0 14.509349278041295
438.0 16.048367636544363
439.0 17.503782272338867
440.0 18.649226324898855
441.0 19.137797083173478
442.0 19.32058252607073
443.0 19.43985734667097
444.0 19.131599834987096
445.0 19.20965317317418
446.0 19.016457898276194
447.0 18.372765609196254
448.0 18.226535388401576
449.0 18.86713375364031
450.0 20.403584480285645
451.0 23.843661580766952
452.0 26.767878123692103
453.0 29.475997516087123
454.0 29.784422601972306
455.0 29.014751434326172
456.0 28.51201125553676
457.0 28.255096980503627
458.0 27.295325551714217
459.0 27.550618852887833
460.0 30.483484540666854
461.0 34.08400821685791
462.0 35.15875162397112
463.0 41.924702644348145
464.0 47.62855666024344
465.0 56.720154353550505
466.0 66.19282504490444
467.0 76.18534878322056
468.0 87.99658666338239
469.0 98.82349450247628
470.0 128.73642567225866
471.0 178.37263870239258
472.0 224.53432137625558
473.0 249.9858627319336
474.0 248.94848414829798
475.0 250.6732918875558
476.0 250.45332990373885
477.0 251.0590308053153
478.0 250.50548553466797
479.0 251.2572021484375
480.0 251.11736188616072
481.0 251.4435522896903
482.0 251.54629843575614
483.0 251.15001460484095
484.0 250.5774187360491
485.0 250.56580788748605
486.0 250.79712785993303
487.0 252.0654013497489
488.0 252.1759294782366
489.0 252.7057168143136
490.0 252.6715796334403
491.0 253.17264556884766
492.0 252.60550144740515
493.0 252.3932331630162
494.0 250.66395677839006
495.0 249.79228973388672
496.0 250.54177856445312
497.0 250.16888318743025
498.0 248.55877358572823
499.0 249.18461172921317
500.0 249.53011431012834
501.0 250.25201960972376
502.0 251.28559766496932
503.0 250.10940878731864
504.0 250.02973066057478
505.0 246.66233498709542
506.0 220.26570892333984
507.0 188.73760877336775
508.0 157.99545397077287
509.0 127.18668556213379
510.0 92.89213453020368
511.0 58.90418570382254
512.0 48.97606985909598
513.0 40.095420019967214
514.0 37.900972093854634
515.0 41.12078407832554
516.0 41.234813826424734
517.0 38.74986812046596
518.0 37.339405741010395
519.0 36.68767220633371
520.0 35.67006669725691
521.0 29.610771860395158
522.0 25.884313583374023
523.0 22.036127294812882
524.0 19.770257268633163
525.0 19.445966993059432
526.0 20.43486942563738
527.0 20.35668557030814
528.0 20.504603249686106
529.0 19.603095190865652
530.0 19.09598057610648
531.0 18.436861787523544
532.0 17.374207428523473
533.0 16.866426604134695
534.0 16.373525551387242
535.0 16.15012550354004
536.0 15.691441944667272
537.0 15.649551391601562
538.0 15.11187676021031
539.0 14.693459715162005
540.0 14.671042374202184
541.0 14.633030414581299
542.0 14.815524305616107
543.0 14.389866420200892
544.0 13.917659963880267
545.0 13.53019482748849
546.0 13.144929545266288
547.0 12.68176759992327
548.0 12.27178498676845
549.0 11.7823714528765
550.0 11.541372912270683
551.0 10.961030278887067
552.0 10.339244706290108
553.0 9.887312957218715
554.0 9.334815297807966
555.0 9.008118561335973
556.0 8.698409897940499
557.0 8.45245293208531
558.0 8.32436558178493
559.0 8.003605774470739
560.0 7.781444685799735
561.0 7.540178503308978
562.0 7.217329468045916
563.0 7.010470185961042
564.0 6.853611367089408
565.0 6.693712575095041
566.0 6.492105109351022
567.0 6.307476214000157
568.0 6.062774760382516
569.0 5.9820316178458075
570.0 5.885555778230939
571.0 5.742982455662319
572.0 5.581148760659354
573.0 5.41499400138855
574.0 5.263435500008719
575.0 5.137381042752947
576.0 5.081754411969866
577.0 4.935676336288452
578.0 4.842943736485073
579.0 4.831576347351074
580.0 4.819722856794085
581.0 4.796587875911167
582.0 4.764419419424875
583.0 4.751103469303676
584.0 4.710326160703387
585.0 4.714909587587629
586.0 4.720862967627389
587.0 4.710427113941738
588.0 4.745815140860421
589.0 4.895481892994472
590.0 5.04088340486799
591.0 5.305208240236555
592.0 5.688670124326434
593.0 6.170290606362479
594.0 6.601319381168911
595.0 6.745197602680752
596.0 6.805985076086862
597.0 6.832850183759417
598.0 6.842012507574899
599.0 6.843310458319528
600.0 6.7740797996521
601.0 6.693821770804269
602.0 6.6019576617649625
603.0 6.506856134959629
604.0 6.426654406956264
605.0 6.443494115556989
606.0 6.3765648773738315
607.0 6.37170318194798
608.0 6.329062802450998
609.0 6.294567210333688
610.0 6.306022950581142
611.0 6.376669883728027
612.0 6.461925540651594
613.0 6.434584890093122
614.0 6.400341851370675
615.0 6.3850968565259665
616.0 6.40853043964931
617.0 6.394576242991856
618.0 6.331122023718698
619.0 6.323762995856149
620.0 6.295167037418911
621.0 6.31934244292123
622.0 6.285490274429321
623.0 6.2356029238019675
624.0 6.140034369059971
625.0 6.094498770577567
626.0 5.95573057447161
627.0 5.8949881962367465
628.0 5.797745943069458
629.0 5.747977086475918
630.0 5.6447617667061945
631.0 5.583394084657941
632.0 5.5256026812962125
633.0 5.494604928152902
634.0 5.496367420469012
635.0 5.4733138765607565
636.0 5.427315677915301
637.0 5.4225592613220215
638.0 5.453219618116107
639.0 5.394118002482823
640.0 5.358358451298305
641.0 5.30816684450422
642.0 5.252127272742135
643.0 5.227439267294748
644.0 5.187295947756086
645.0 5.157343012945993
646.0 5.085378306252616
647.0 5.042134898049491
648.0 5.0274466787065775
649.0 4.995522941861834
650.0 4.973791599273682
651.0 4.986213854381016
652.0 4.960699422018869
653.0 4.937105791909354
654.0 4.943671328680856
655.0 4.949710880007062
656.0 4.97174038205828
657.0 4.933457749230521
658.0 4.955865825925555
659.0 4.972459622791836
660.0 4.965819801603045
661.0 4.911699601582119
662.0 4.930477585111346
663.0 4.934599672045026
664.0 4.961826631001064
665.0 4.956252200262887
666.0 4.9343819958823065
667.0 4.949173791067941
668.0 4.865166425704956
669.0 4.859257527760097
670.0 4.849250997815814
671.0 4.8056716578347345
672.0 4.749928508486066
673.0 4.745894057410104
674.0 4.732618297849383
675.0 4.648808070591518
676.0 4.634094272341047
677.0 4.585347754614694
678.0 4.498497383935111
679.0 4.431346654891968
680.0 4.362895045961652
681.0 4.324832745960781
682.0 4.261637721742902
683.0 4.2213733196258545
684.0 4.172746522086007
685.0 4.136293462344578
686.0 4.1429963282176425
687.0 4.142518435205732
688.0 4.127917170524597
689.0 4.097120199884687
690.0 4.08853246484484
691.0 4.0798017638070245
692.0 4.048607264246259
693.0 4.028931498527527
694.0 3.99965500831604
695.0 3.960421323776245
696.0 3.9292236055646623
697.0 3.898895229612078
698.0 3.8469462054116383
699.0 3.8186447960989818
700.0 3.7830373559679304
701.0 3.7748189653669084
702.0 3.763963443892343
703.0 3.7484027317592075
704.0 3.7222412654331754
705.0 3.6667759929384505
706.0 3.644284333501543
707.0 3.605088404246739
708.0 3.5616064412253245
709.0 3.5170718261173795
710.0 3.4783850397382463
711.0 3.4470884799957275
712.0 3.417680638177054
713.0 3.3363073553357805
714.0 3.3074223143713817
715.0 3.270960262843541
716.0 3.2438738346099854
717.0 3.1869436843054637
718.0 3.1438436678477695
719.0 3.0964361429214478
720.0 3.06433595929827
721.0 3.006519777434213
722.0 2.9659526688711986
723.0 2.9467903716223582
724.0 2.898618153163365
725.0 2.8749372277941023
726.0 2.8363793918064664
727.0 2.7943302392959595
728.0 2.7742381606783186
729.0 2.763866765158517
730.0 2.7124404907226562
731.0 2.7274462836129323
732.0 2.6860017435891286
733.0 2.650128722190857
734.0 2.6270866053444997
735.0 2.5990850244249617
736.0 2.586138810430254
737.0 2.5326627492904663
738.0 2.4967685597283498
739.0 2.4719267232077464
740.0 2.437914882387434
741.0 2.4387607915060863
742.0 2.4137448413031444
743.0 2.379141058240618
744.0 2.3556155136653354
745.0 2.3356920651027133
746.0 2.3089330877576555
747.0 2.300235560962132
748.0 2.2777127538408553
749.0 2.2658436809267317
750.0 2.2373493569237843
751.0 2.1994622264589583
752.0 2.1840929814747403
753.0 2.1863437380109514
754.0 2.1727438994816373
755.0 2.1459992783410207
756.0 2.148729154041835
757.0 2.1288449423653737
758.0 2.144826667649405
759.0 2.1211242505482266
760.0 2.114852479525975
761.0 2.0996061393192837
762.0 2.075250744819641
763.0 2.1230784314019338
764.0 2.0819063271795
765.0 2.0859204530715942
766.0 2.0744749307632446
767.0 2.033200127737863
768.0 2.0414993592670987
769.0 2.0286523274012973
770.0 2.021928710596902
771.0 2.024407889161791
772.0 1.9931359546525138
773.0 1.990332407610757
774.0 1.9779330832617623
775.0 1.9570388027599879
776.0 1.935827442577907
777.0 1.930073346410479
778.0 1.923470778124673
779.0 1.899653673171997
780.0 1.8978429521833147
781.0 1.9218535763876778
782.0 1.9060397573879786
783.0 1.886102829660688
784.0 1.8729091542107719
785.0 1.8629751546042306
786.0 1.8670034919466292
787.0 1.8579644049916948
788.0 1.84133015360151
789.0 1.8149178964751107
790.0 1.8358968836920602
791.0 1.8332404749734061
792.0 1.831139828477587
793.0 1.8148718135697501
794.0 1.8291118400437492
795.0 1.8135935834475927
796.0 1.7833764808518546
797.0 1.7935592361858912
798.0 1.8015530024256026
799.0 1.7816202470234461
800.0 1.7568364909717016
801.0 1.7536053487232752
802.0 1.7891164336885725
803.0 1.769980788230896
804.0 1.7428029945918493
805.0 1.7355541246277946
806.0 1.739118822983333
807.0 1.7250942928450448
808.0 1.699493408203125
809.0 1.7080276267869132
810.0 1.6985578366688319
811.0 1.7050166044916426
812.0 1.6545730318341936
813.0 1.6781819462776184
814.0 1.668540120124817
815.0 1.689266289983477
816.0 1.6952762859208244
817.0 1.729965192931039
818.0 1.704506320612771
819.0 1.70573376757758
820.0 1.6715664437838964
821.0 1.6635702763284956
822.0 1.6677651916231429
823.0 1.6795687079429626
824.0 1.6643690381731306
825.0 1.6545991386686052
826.0 1.6496237090655737
827.0 1.6663786598614283
828.0 1.667575248650142
829.0 1.6426498208727156
830.0 1.6334102068628584
831.0 1.6402575714247567
832.0 1.6456749439239502
833.0 1.6453960197312492
834.0 1.6466155903679984
835.0 1.6521723866462708
836.0 1.6628059148788452
837.0 1.6560415625572205
838.0 1.6531750900404794
839.0 1.621939378125327
840.0 1.6335418564932687
841.0 1.6082750133105688
842.0 1.6167020116533553
843.0 1.6309951373508997
844.0 1.6408088036945887
845.0 1.595020021711077
846.0 1.5758974637304033
847.0 1.6011835166386195
848.0 1.5823014548846654
849.0 1.585187315940857
850.0 1.5765404786382402
851.0 1.557148814201355
852.0 1.5448752982275826
853.0 1.568900227546692
854.0 1.5555856738771712
855.0 1.5293248636381966
856.0 1.5312214749200004
857.0 1.4903125762939453
858.0 1.4806258167539323
859.0 1.4948411583900452
860.0 1.475113102367946
861.0 1.482543979372297
862.0 1.4865660497120448
863.0 1.4642867701394218
864.0 1.4462387306349618
865.0 1.4562608003616333
866.0 1.4297173363821847
867.0 1.449367276259831
868.0 1.4338962180273873
869.0 1.4110375217029028
870.0 1.4185770835195268
871.0 1.3952402813094003
872.0 1.4017600928034102
873.0 1.416257619857788
874.0 1.3972223145621163
875.0 1.3769590173448836
876.0 1.3698030284472875
877.0 1.3832967621939523
878.0 1.387805504458291
879.0 1.3705166748591833
880.0 1.3558610677719116
881.0 1.3730748295783997
882.0 1.3521729281970434
883.0 1.3479103871754237
884.0 1.3359064289501734
885.0 1.3339007326534815
886.0 1.343799957207271
887.0 1.3374038764408656
888.0 1.3149866206305367
889.0 1.3289268016815186
890.0 1.310227973120553
891.0 1.3036972795213972
892.0 1.309309916836875
893.0 1.3237937263080053
894.0 1.3239856788090296
895.0 1.3240921923092432
896.0 1.3146934764725822
897.0 1.3083348955426897
898.0 1.332511075905391
899.0 1.3247899583407812
900.0 1.333365602152688
901.0 1.331177260194506
902.0 1.3416377902030945
903.0 1.3485302754810877
904.0 1.3323145764214652
905.0 1.3363631112234933
906.0 1.3312043462480818
907.0 1.3358616828918457
908.0 1.3356277857507979
909.0 1.339573119367872
910.0 1.3467643686703272
911.0 1.3482257638658797
912.0 1.3585765191486903
913.0 1.3554202573640006
914.0 1.3519004923956734
915.0 1.3456567866461617
916.0 1.3433679938316345
917.0 1.3448600598743983
918.0 1.3482449395315987
919.0 1.3287460548537118
920.0 1.312094237123217
921.0 1.3249072943414961
922.0 1.3092689173562186
923.0 1.323838242462703
924.0 1.3172261714935303
925.0 1.3235096079962594
926.0 1.3359071016311646
927.0 1.3382471203804016
928.0 1.3226851906095232
929.0 1.3268137403896876
930.0 1.3075502344540186
931.0 1.2990456053188868
932.0 1.290381601878575
933.0 1.2888135654585702
934.0 1.293569232736315
935.0 1.2935896686145238
936.0 1.2991889033998762
937.0 1.308376933847155
938.0 1.314290532044002
939.0 1.3039661390440804
940.0 1.3013954758644104
941.0 1.300903013774327
942.0 1.3131321924073356
943.0 1.307026548045022
944.0 1.3064864703587122
945.0 1.2970685022217887
946.0 1.3017779673848833
947.0 1.2957262652260917
948.0 1.314625084400177
949.0 1.32204042162214
950.0 1.3184293082782201
951.0 1.324707133429391
952.0 1.3202575870922633
953.0 1.3302486198289054
954.0 1.322856170790536
955.0 1.3406068171773637
956.0 1.3355643578938075
957.0 1.3187673858233862
958.0 1.3066453848566328
959.0 1.3084138546671187
960.0 1.3138829469680786
961.0 1.3138996703284127
962.0 1.3195189237594604
963.0 1.3040006075586592
964.0 1.2993932025773185
965.0 1.3042117868150984
966.0 1.3053270748683385
967.0 1.3149830784116472
968.0 1.3083918690681458
969.0 1.3326127954891749
970.0 1.3267570308276586
971.0 1.3297986047608512
972.0 1.3518076368740626
973.0 1.3269776701927185
974.0 1.329841775553567
975.0 1.3337079286575317
976.0 1.3274494665009635
977.0 1.345403790473938
978.0 1.325913429260254
979.0 1.3306775348527091
980.0 1.3099998916898454
981.0 1.3164148926734924
982.0 1.306143147604806
983.0 1.3132263336862837
984.0 1.3085544449942452
985.0 1.294557043484279
986.0 1.3054953132356917
987.0 1.303734200341361
988.0 1.2836825081280299
989.0 1.285555158342634
990.0 1.2709967664309911
991.0 1.2572494319507055
992.0 1.2496482559612818
993.0 1.2488862020628793
994.0 1.241440909249442
995.0 1.2437229667391096
996.0 1.2556186488696508
997.0 1.2558541979108537
998.0 1.2544643708637782
999.0 1.240949204989842
1000.0 1.247625163623265
1001.0 1.256958075932094
1002.0 1.2539156845637731
1003.0 1.2577958788190569
1004.0 1.2993584275245667
1005.0 1.2769612159047807
1006.0 1.2732852952820914
1007.0 1.2880498937198095
1008.0 1.2927840181759425
1009.0 1.2877680148397173
1010.0 1.3086771624428886
1011.0 1.3152694702148438
1012.0 1.322624215057918
1013.0 1.3412920236587524
1014.0 1.3431630049433028
1015.0 1.3511134811810084
1016.0 1.3489792943000793
1017.0 1.3688402942248754
1018.0 1.355243376323155
1019.0 1.3615950431142534
1020.0 1.3779147352491106
1021.0 1.379026242664882
1022.0 1.395890040057046
1023.0 1.387601809842246
1024.0 1.3994956271989005
1025.0 1.3967874986784798
1026.0 1.406095802783966
1027.0 1.4090506178992135
1028.0 1.4005171486309596
1029.0 1.396550408431462
1030.0 1.4180513535227095
1031.0 1.424986984048571
1032.0 1.4157508271081107
1033.0 1.4229769110679626
1034.0 1.4345948100090027
1035.0 1.422336791242872
1036.0 1.412558572632926
1037.0 1.4058838656970434
1038.0 1.4181341699191503
1039.0 1.4062445078577315
1040.0 1.3991807103157043
1041.0 1.3996177996907915
1042.0 1.4055276598249162
1043.0 1.418570101261139
1044.0 1.442500650882721
1045.0 1.434334201472146
1046.0 1.424310326576233
1047.0 1.4287638664245605
1048.0 1.4047769563538688
1049.0 1.4121101668902807
1050.0 1.4252318058695113
1051.0 1.4162588630403792
1052.0 1.4210434641156877
1053.0 1.418236425944737
1054.0 1.4307922295161657
1055.0 1.427078706877572
1056.0 1.434221429484231
1057.0 1.43302378484181
1058.0 1.4398647461618697
1059.0 1.4359102419444494
1060.0 1.4484396151133947
1061.0 1.4610658288002014
1062.0 1.4470191257340568
1063.0 1.439763869558062
1064.0 1.4552294186183385
1065.0 1.4468249678611755
1066.0 1.4587837031909399
1067.0 1.4675910813467843
1068.0 1.4751808728490556
1069.0 1.4559728928974696
1070.0 1.4259632996150426
1071.0 1.440431867327009
1072.0 1.456560833113534
1073.0 1.4421957050051009
1074.0 1.435395019395011
1075.0 1.4592000671795435
1076.0 1.4473108819552831
1077.0 1.4344698360988073
1078.0 1.456946347440992
1079.0 1.4589886324746268
1080.0 1.4671164665903365
1081.0 1.4322518025125777
1082.0 1.431385108402797
1083.0 1.4328673141343253
1084.0 1.436590850353241
1085.0 1.4309050781386239
1086.0 1.4264125568526131
1087.0 1.4292480519839696
1088.0 1.4481933116912842
1089.0 1.429293351513999
1090.0 1.4200968486922128
1091.0 1.4374221563339233
1092.0 1.4258119378771101
1093.0 1.4309262463024683
1094.0 1.4406656793185644
1095.0 1.4367472870009286
1096.0 1.4248940774372645
1097.0 1.4066152657781328
1098.0 1.428948163986206
1099.0 1.4408105271203178
1100.0 1.4321409208433968
1101.0 1.4159705809184484
1102.0 1.4304629564285278
1103.0 1.4475480914115906
1104.0 1.4343172311782837
1105.0 1.4309884480067663
1106.0 1.4439151797975813
1107.0 1.4331177983965193
1108.0 1.4250576751572746
1109.0 1.4265172566686357
1110.0 1.4475184679031372
1111.0 1.4475747687476022
1112.0 1.4268895643098014
1113.0 1.4305339711053031
1114.0 1.4544157130377633
1115.0 1.4554903932980128
1116.0 1.4642633710588728
1117.0 1.4477724943842207
1118.0 1.4369827168328422
1119.0 1.4439086062567574
1120.0 1.4400689091001238
1121.0 1.4346847704478674
1122.0 1.4695204155785697
1123.0 1.4671414153916496
1124.0 1.4528617773737227
1125.0 1.464214333466121
1126.0 1.454822301864624
1127.0 1.4568034495626176
1128.0 1.4602829388209753
1129.0 1.4346056921141488
1130.0 1.4416801503726415
1131.0 1.4617637736456734
1132.0 1.4477684327534266
1133.0 1.4351802383150374
1134.0 1.4361302086285181
1135.0 1.4333337204796928
1136.0 1.4519131524222237
1137.0 1.4301781569208418
1138.0 1.4352637103625707
1139.0 1.445074668952397
1140.0 1.4367284349032812
1141.0 1.4357245394161768
1142.0 1.4130818162645613
1143.0 1.440705852849143
1144.0 1.4292896815708704
1145.0 1.4408413852964128
1146.0 1.441157008920397
1147.0 1.4256099888256617
1148.0 1.4036468608038766
1149.0 1.4105180587087358
1150.0 1.4106908355440413
1151.0 1.4037492530686515
1152.0 1.4263794251850672
1153.0 1.4392112578664507
1154.0 1.4268328888075692
1155.0 1.4115555456706457
1156.0 1.4034359966005598
1157.0 1.412200425352369
1158.0 1.4100874066352844
1159.0 1.4019381999969482
1160.0 1.3849495904786246
1161.0 1.4082611288343156
1162.0 1.411546060017177
1163.0 1.4171109199523926
1164.0 1.4177596143313818
1165.0 1.4249816877501351
1166.0 1.4217768056052071
1167.0 1.4264426997729711
1168.0 1.4078412226268224
1169.0 1.4038714340754919
1170.0 1.423924446105957
1171.0 1.424435896532876
1172.0 1.416208301271711
1173.0 1.416375151702336
1174.0 1.4185322523117065
1175.0 1.4145658441952296
1176.0 1.415395634514945
1177.0 1.4045052102633886
1178.0 1.3878631847245353
1179.0 1.4222499217305864
1180.0 1.4234091469219752
1181.0 1.4164391841207231
1182.0 1.4189062884875707
1183.0 1.4185835719108582
1184.0 1.4411898510796683
1185.0 1.4219903349876404
1186.0 1.402470316205706
1187.0 1.4130760771887643
1188.0 1.421194417136056
1189.0 1.4222860762051173
1190.0 1.4108757291521346
1191.0 1.3949484739984785
1192.0 1.4199038573673792
1193.0 1.3952195729528154
1194.0 1.4076318825994218
1195.0 1.3897088595799036
1196.0 1.4013361845697676
1197.0 1.3988740869930811
1198.0 1.3975370015416826
1199.0 1.3975806832313538
1200.0 1.3931107350758143
1201.0 1.3877188563346863
1202.0 1.396578345979963
1203.0 1.4025080629757471
1204.0 1.4005495650427682
1205.0 1.4091137051582336
1206.0 1.4072553174836295
1207.0 1.4021190319742476
1208.0 1.4175920912197657
1209.0 1.3977024129458837
1210.0 1.3978145463126046
1211.0 1.3852230651038033
1212.0 1.371302502495902
1213.0 1.3714146954672677
1214.0 1.3807214498519897
1215.0 1.3904961347579956
1216.0 1.3808667489460535
1217.0 1.3901365995407104
1218.0 1.3871854203087943
1219.0 1.3897607922554016
1220.0 1.387475379875728
1221.0 1.3998270630836487
1222.0 1.3957018426486425
1223.0 1.414547826562609
1224.0 1.3891856159482683
1225.0 1.382732902254377
1226.0 1.379582336970738
1227.0 1.3755774072238378
1228.0 1.4047834702900477
1229.0 1.4010728086744035
1230.0 1.3755832825388228
1231.0 1.3768823487418038
1232.0 1.376651065690177
1233.0 1.3760856134550912
1234.0 1.3714871832302638
1235.0 1.3718726464680262
1236.0 1.3909904531070165
1237.0 1.3817472798483712
1238.0 1.3877902967589242
1239.0 1.382389954158238
1240.0 1.4070510864257812
1241.0 1.3946074077061243
1242.0 1.4007107360022408
1243.0 1.3863203014646257
1244.0 1.3866737910679408
1245.0 1.4014466319765364
1246.0 1.3838807940483093
1247.0 1.3763466221945626
1248.0 1.3687273604529244
1249.0 1.3867629425866264
1250.0 1.3971468635967799
1251.0 1.3852554389408656
1252.0 1.3741808533668518
1253.0 1.3856990933418274
1254.0 1.3783819079399109
1255.0 1.3816987105778284
1256.0 1.3883354834147863
1257.0 1.3840952345303126
1258.0 1.3776490943772453
1259.0 1.3688066346304757
1260.0 1.3776063067572457
1261.0 1.3887744886534554
1262.0 1.3962583116122655
1263.0 1.4013268862451826
1264.0 1.3936052492686681
1265.0 1.4085919771875655
1266.0 1.3891106843948364
1267.0 1.3848345279693604
1268.0 1.4109303610665458
1269.0 1.4259858557156153
1270.0 1.4157615900039673
1271.0 1.4082485777991158
1272.0 1.3971974083355494
1273.0 1.406836714063372
1274.0 1.4040509377207075
1275.0 1.4296073828424727
1276.0 1.4238641347203935
1277.0 1.4292142391204834
1278.0 1.4299205541610718
1279.0 1.4199923191751753
1280.0 1.4355021204267229
1281.0 1.4269952518599374
1282.0 1.4375220366886683
1283.0 1.4218929665429252
1284.0 1.431904903479985
1285.0 1.4309959411621094
1286.0 1.4380156653267997
1287.0 1.4393676774842399
1288.0 1.4487536294119698
1289.0 1.4508940747806005
1290.0 1.4397297842161996
1291.0 1.4264547313962663
1292.0 1.4445427230426244
1293.0 1.444106868335179
1294.0 1.4304757884570531
1295.0 1.4214225155966622
1296.0 1.4149964196341378
1297.0 1.437554453100477
1298.0 1.4507345982960291
1299.0 1.4533401387078422
1300.0 1.446638890675136
1301.0 1.4388652188437325
1302.0 1.4334605165890284
1303.0 1.4436560784067427
1304.0 1.4370643241064889
1305.0 1.4365820969854082
1306.0 1.4346865330423628
1307.0 1.434321301324027
1308.0 1.4530398760523116
1309.0 1.4631091611725944
1310.0 1.4503709077835083
1311.0 1.4343613982200623
1312.0 1.4262499979564123
1313.0 1.4308000292096819
