# Cuts through the PSF

# Note that for the two diagonal cuts, the positions have to be
# computed as x*sqrt(2).

#x [pixels]     psf(x,0)     psf(0,x)     psf(x,x)    psf(x,-x)
        -87 6.729867e-08 6.734875e-08 7.839817e-07 7.839817e-07
        -86 9.939711e-08 1.074603e-07 8.840313e-07 8.896068e-08
        -85 8.566776e-08 1.195931e-07 8.977428e-07 1.320221e-07
        -84 8.957770e-08 1.198041e-07 9.018071e-07 1.472093e-07
        -83 8.206258e-08 1.275481e-07 7.659915e-07 1.476831e-07
        -82 8.103228e-08 1.442360e-07 6.732784e-07 1.510006e-07
        -81 8.785994e-08 1.511730e-07 7.219467e-07 1.528057e-07
        -80 9.768202e-08 1.499442e-07 7.284862e-07 1.512215e-07
        -79 1.171931e-07 1.664478e-07 7.408420e-07 1.316421e-07
        -78 1.209187e-07 1.788226e-07 7.984519e-07 1.282510e-07
        -77 1.318863e-07 1.682464e-07 7.176987e-07 1.225729e-07
        -76 1.712792e-07 1.678337e-07 6.254044e-07 9.799927e-08
        -75 2.000177e-07 1.787504e-07 6.370452e-07 8.322498e-08
        -74 1.992292e-07 1.943380e-07 5.854801e-07 8.504148e-08
        -73 2.312251e-07 1.942495e-07 5.245073e-07 7.834478e-08
        -72 2.706144e-07 2.091222e-07 6.090098e-07 6.965325e-08
        -71 2.769628e-07 2.443460e-07 7.186433e-07 7.987073e-08
        -70 2.817465e-07 2.372731e-07 7.474146e-07 1.001621e-07
        -69 2.925804e-07 2.110421e-07 7.467945e-07 1.234915e-07
        -68 3.010861e-07 2.256043e-07 7.825336e-07 1.598195e-07
        -67 3.095310e-07 2.702356e-07 9.132941e-07 2.061198e-07
        -66 3.094517e-07 2.880978e-07 1.151860e-06 2.914663e-07
        -65 3.191611e-07 2.916619e-07 1.408992e-06 3.608438e-07
        -64 3.210050e-07 3.145016e-07 1.556019e-06 4.223546e-07
        -63 3.239933e-07 3.615782e-07 1.584957e-06 5.105225e-07
        -62 3.444656e-07 4.133114e-07 1.544650e-06 5.729869e-07
        -61 3.710007e-07 4.471691e-07 1.515944e-06 5.981778e-07
        -60 3.896485e-07 4.538380e-07 1.504570e-06 6.126933e-07
        -59 4.093698e-07 4.365935e-07 1.536484e-06 6.279454e-07
        -58 4.945123e-07 4.500757e-07 1.607908e-06 6.046244e-07
        -57 6.245966e-07 4.933397e-07 1.660937e-06 5.634433e-07
        -56 7.317969e-07 5.175829e-07 1.674430e-06 5.526105e-07
        -55 7.968773e-07 5.143858e-07 1.753302e-06 5.307131e-07
        -54 8.442240e-07 5.377734e-07 1.891154e-06 4.901673e-07
        -53 9.076012e-07 5.553285e-07 2.043792e-06 4.600410e-07
        -52 1.060683e-06 5.822284e-07 2.322671e-06 4.302225e-07
        -51 1.267729e-06 5.979069e-07 2.735809e-06 3.930994e-07
        -50 1.468332e-06 6.325461e-07 3.284234e-06 3.536575e-07
        -49 1.688284e-06 7.760760e-07 3.786683e-06 3.665299e-07
        -48 2.161000e-06 1.055954e-06 3.990219e-06 4.757473e-07
        -47 2.833916e-06 1.419741e-06 3.864837e-06 6.636165e-07
        -46 3.510054e-06 1.847762e-06 3.773446e-06 8.905482e-07
        -45 4.041567e-06 2.396258e-06 4.323081e-06 1.241731e-06
        -44 4.501047e-06 2.961075e-06 6.141289e-06 1.610156e-06
        -43 4.911819e-06 3.311360e-06 9.549251e-06 1.976000e-06
        -42 4.926318e-06 3.571405e-06 1.436919e-05 2.342888e-06
        -41 4.641127e-06 3.875931e-06 1.884972e-05 2.849224e-06
        -40 4.183962e-06 3.829893e-06 2.108536e-05 3.364004e-06
        -39 3.610442e-06 3.424178e-06 2.005942e-05 3.778244e-06
        -38 3.467235e-06 3.308073e-06 1.590819e-05 4.415310e-06
        -37 3.923114e-06 3.304120e-06 1.131268e-05 5.225581e-06
        -36 4.509420e-06 3.142176e-06 9.346971e-06 5.655345e-06
        -35 5.009214e-06 3.086818e-06 1.204701e-05 6.359568e-06
        -34 5.757282e-06 3.029519e-06 2.083915e-05 6.830908e-06
        -33 6.220031e-06 2.792128e-06 3.037646e-05 6.923728e-06
        -32 6.126219e-06 2.931580e-06 3.639453e-05 6.964362e-06
        -31 6.014572e-06 4.262224e-06 3.626897e-05 6.562210e-06
        -30 5.436241e-06 5.671917e-06 3.007030e-05 6.103949e-06
        -29 4.511778e-06 6.285304e-06 2.291531e-05 5.784632e-06
        -28 4.088787e-06 5.858116e-06 1.813450e-05 5.454262e-06
        -27 4.013456e-06 4.696809e-06 1.683883e-05 4.895731e-06
        -26 4.207592e-06 3.710901e-06 1.975650e-05 4.383293e-06
        -25 4.121875e-06 3.800285e-06 2.255728e-05 4.340778e-06
        -24 3.641052e-06 4.507572e-06 2.386945e-05 5.465347e-06
        -23 3.248636e-06 6.174287e-06 1.962482e-05 6.374993e-06
        -22 3.466371e-06 8.616146e-06 1.780865e-05 6.432171e-06
        -21 6.200453e-06 1.129277e-05 3.213364e-05 8.324550e-06
        -20 7.867001e-06 1.193250e-05 5.617745e-05 1.294348e-05
        -19 7.967255e-06 1.140537e-05 9.139752e-05 1.742482e-05
        -18 9.172530e-06 1.416462e-05 1.324554e-04 1.779633e-05
        -17 1.203311e-05 1.936550e-05 1.365373e-04 2.377755e-05
        -16 1.438461e-05 2.530802e-05 1.110831e-04 3.591831e-05
        -15 2.028896e-05 3.481489e-05 7.125137e-05 4.694761e-05
        -14 3.138400e-05 4.837315e-05 2.229631e-05 5.482257e-05
        -13 3.025810e-05 5.054799e-05 2.369466e-05 7.015603e-05
        -12 5.917821e-05 7.263440e-05 1.286261e-04 9.177066e-05
        -11 1.278773e-04 1.231486e-04 2.292884e-04 8.226202e-05
        -10 1.245238e-04 1.223204e-04 3.007600e-04 1.112297e-04
         -9 1.164902e-04 1.621700e-04 3.243985e-04 1.346348e-04
         -8 1.921728e-04 3.810106e-04 3.725197e-04 2.002230e-04
         -7 2.802291e-04 5.638367e-04 3.197581e-04 1.795296e-04
         -6 4.551351e-04 4.230315e-04 3.583869e-04 3.939004e-04
         -5 1.070176e-03 9.063342e-04 4.696476e-04 3.590073e-04
         -4 1.389286e-03 1.358213e-03 4.724789e-04 6.097892e-04
         -3 2.339066e-03 2.491388e-03 1.190004e-03 5.758509e-04
         -2 1.175448e-02 1.328716e-02 2.526545e-03 4.529286e-03
         -1 5.339847e-02 5.461733e-02 3.374119e-02 4.319155e-02
          0 2.478047e-01 2.478047e-01 2.478047e-01 2.478047e-01
          1 5.526735e-02 5.268985e-02 3.449475e-02 2.877688e-02
          2 1.772702e-02 1.392547e-02 6.750752e-03 2.417505e-03
          3 2.775238e-03 3.452210e-03 1.076415e-03 5.046396e-04
          4 6.831851e-04 9.582184e-04 3.463903e-04 7.452165e-04
          5 7.774540e-04 1.320793e-03 4.377867e-04 4.162658e-04
          6 2.984917e-04 3.568268e-04 1.888644e-04 3.067396e-04
          7 2.217591e-04 1.173212e-04 4.889318e-04 1.247022e-04
          8 1.171681e-04 6.361887e-05 3.178089e-04 1.199234e-04
          9 1.382960e-04 1.323440e-04 4.764453e-04 1.636229e-04
         10 2.392929e-04 2.487190e-04 3.072332e-04 9.807780e-05
         11 1.603069e-04 1.794166e-04 1.828273e-04 1.103997e-04
         12 7.063731e-05 8.492092e-05 8.577498e-05 1.098119e-04
         13 5.456642e-05 3.218139e-05 4.588980e-05 4.775251e-05
         14 9.178741e-05 3.625351e-05 2.947139e-05 3.902100e-05
         15 7.838137e-05 4.172923e-05 7.615214e-05 4.101521e-05
         16 5.105948e-05 4.169679e-05 1.094026e-04 4.254148e-05
         17 3.749085e-05 2.955741e-05 1.322390e-04 3.259759e-05
         18 2.562361e-05 1.417442e-05 1.201543e-04 2.288621e-05
         19 2.554183e-05 7.974097e-06 7.815339e-05 2.132606e-05
         20 2.763069e-05 5.346509e-06 5.365766e-05 1.473702e-05
         21 2.031816e-05 5.303119e-06 2.655556e-05 1.004283e-05
         22 1.596052e-05 7.180797e-06 1.692141e-05 6.206266e-06
         23 1.575683e-05 9.615210e-06 1.972752e-05 5.224658e-06
         24 1.404009e-05 1.001909e-05 2.546669e-05 4.390680e-06
         25 9.934237e-06 7.477309e-06 2.648248e-05 3.730192e-06
         26 7.028686e-06 5.383393e-06 2.210939e-05 4.017293e-06
         27 7.480543e-06 4.518863e-06 1.918077e-05 4.603630e-06
         28 8.093783e-06 4.900043e-06 2.139474e-05 5.221920e-06
         29 7.477970e-06 4.459227e-06 2.647602e-05 5.460131e-06
         30 5.549467e-06 3.643720e-06 3.408650e-05 5.710998e-06
         31 4.012614e-06 4.348026e-06 3.730425e-05 5.590676e-06
         32 3.331689e-06 5.197091e-06 3.471380e-05 5.473639e-06
         33 2.995990e-06 5.349310e-06 2.759903e-05 5.711266e-06
         34 2.668119e-06 4.660803e-06 1.736170e-05 5.685508e-06
         35 2.212423e-06 3.603330e-06 1.068045e-05 5.459648e-06
         36 1.763770e-06 2.921188e-06 9.087509e-06 5.526986e-06
         37 1.845238e-06 3.051105e-06 1.175178e-05 5.181912e-06
         38 2.095143e-06 3.278643e-06 1.694544e-05 4.781663e-06
         39 2.260433e-06 3.163027e-06 2.051414e-05 4.294726e-06
         40 2.345297e-06 2.698298e-06 2.075534e-05 3.810387e-06
         41 2.419534e-06 2.275241e-06 1.796251e-05 3.323443e-06
         42 2.267668e-06 1.929816e-06 1.322520e-05 2.634079e-06
         43 1.958786e-06 1.650722e-06 8.467971e-06 2.071402e-06
         44 1.640309e-06 1.646502e-06 5.326663e-06 1.760318e-06
         45 1.410050e-06 1.636868e-06 3.877504e-06 1.459779e-06
         46 1.176383e-06 1.480994e-06 3.558948e-06 1.147196e-06
         47 9.755804e-07 1.272853e-06 3.770550e-06 8.902417e-07
         48 8.511087e-07 1.140035e-06 3.776923e-06 7.668410e-07
         49 7.617248e-07 1.063158e-06 3.475842e-06 6.313987e-07
         50 6.677582e-07 8.561124e-07 2.982002e-06 4.906206e-07
         51 5.424832e-07 6.581718e-07 2.646180e-06 4.238518e-07
         52 4.139771e-07 5.771030e-07 2.450761e-06 4.032918e-07
         53 3.321381e-07 5.264118e-07 2.283331e-06 4.083361e-07
         54 2.794966e-07 4.483305e-07 2.151064e-06 4.647592e-07
         55 2.482727e-07 3.552916e-07 2.042715e-06 5.419561e-07
         56 2.220145e-07 2.994539e-07 1.896814e-06 5.863924e-07
         57 1.955479e-07 2.943640e-07 1.704414e-06 6.060105e-07
         58 1.793033e-07 2.992956e-07 1.472089e-06 6.243322e-07
         59 1.913081e-07 3.122792e-07 1.306870e-06 6.311768e-07
         60 2.017602e-07 3.192915e-07 1.232733e-06 6.046196e-07
         61 2.117359e-07 3.215986e-07 1.283607e-06 5.553944e-07
         62 2.316741e-07 3.176706e-07 1.440954e-06 5.525058e-07
         63 2.857670e-07 2.887464e-07 1.589978e-06 5.359276e-07
         64 3.320447e-07 2.450027e-07 1.632773e-06 4.625171e-07
         65 3.337557e-07 2.064714e-07 1.481796e-06 4.101682e-07
         66 3.044036e-07 1.952100e-07 1.287587e-06 3.834103e-07
         67 2.936886e-07 1.923479e-07 1.160313e-06 3.263372e-07
         68 2.952181e-07 1.738995e-07 1.089692e-06 2.737181e-07
         69 2.936616e-07 1.456414e-07 9.597341e-07 2.326067e-07
         70 2.569948e-07 1.474620e-07 8.070187e-07 1.739795e-07
         71 1.902342e-07 1.653494e-07 7.607124e-07 1.385605e-07
         72 1.801516e-07 1.512198e-07 7.125158e-07 1.130311e-07
         73 1.802247e-07 1.283453e-07 6.048272e-07 8.954122e-08
         74 1.361636e-07 1.301734e-07 5.569124e-07 8.751607e-08
         75 1.128155e-07 1.219125e-07 6.020605e-07 8.826752e-08
         76 1.244439e-07 1.076695e-07 6.624169e-07 1.008144e-07
         77 1.081935e-07 1.046076e-07 7.477318e-07 1.132179e-07
         78 8.652514e-08 9.877937e-08 8.328857e-07 1.208671e-07
         79 1.198779e-07 8.638298e-08 8.092431e-07 1.392012e-07
         80 1.086120e-07 8.151635e-08 7.439291e-07 1.517224e-07
         81 7.728045e-08 8.250139e-08 7.190994e-07 1.400280e-07
         82 1.069383e-07 8.016793e-08 7.308470e-07 1.543709e-07
         83 9.215579e-08 6.752147e-08 8.155005e-07 1.635766e-07
         84 7.161641e-08 6.717436e-08 8.590334e-07 1.371373e-07
         85 9.512812e-08 7.266316e-08 9.042407e-07 1.379905e-07
         86 6.969309e-08 5.157990e-08 1.041542e-06 1.016006e-07
